-0.2612883 -0.445615 -0.01363351 -0.3887424 -0.05828025 -0.2363194 -0.0151944 -0.2913865 -0.05255488 -0.246622 -0.01526799 -0.04778369 0.009177262 -0.2839673 -0.08054712 -0.1978346 -0.02377033 -0.2169368 -0.4322957 -0.1025368
-0.1337963 0.08037749 0.183926 0.1124643 -0.2580369 0.08947752 -0.005970633 0.1386355 0.213227 -0.1349383 -0.01728451 -0.452487 0.2998778 -0.01297647 0.3721375 -0.01864781 -0.01084854 0.1077831 -0.07992207 -0.5652852
0.306042 0.06261239 0.2486469 -0.0187558 -0.3633883 0.04569925 -0.06622329 0.08616663 -0.08157084 -0.2986111 0.09254389 0.1562087 0.3149481 0.09928735 -0.5178137 0.2542576 -0.2270994 -0.2466654 -0.03054118 -0.1016091
-0.107941 -0.05957722 0.4638058 -0.09728122 0.1266489 -0.1530938 0.4155623 0.1289592 0.1924351 0.07522161 0.08324818 0.3966186 0.4208134 0.08377366 0.1410734 -0.2986172 0.00406276 0.06461118 0.04559618 0.1582641
-0.1280139 0.01711068 0.1164758 0.04798172 0.3928294 0.1464501 -0.4831479 -0.2866636 0.1038137 -0.2619683 -0.01213368 0.2270393 -0.009452047 0.294369 0.04481808 -0.1596918 -0.4182869 0.1543307 0.05900157 -0.1687181
-0.08670469 0.06696906 -0.05420539 0.1160568 -0.3608388 -0.2459401 -0.06231748 -0.1971662 -0.6367307 -0.2057783 0.03509217 0.2170245 0.12836 -0.03537024 0.3536321 -0.01319072 9.06834e-05 0.231686 0.202803 0.06538077
0.09474078 -0.009020642 -0.1970828 0.008572409 -0.1087169 -0.042874 -0.22893 -0.03039112 0.2595523 -0.138374 -0.7057792 0.232559 0.2538991 0.02571595 -0.01300475 -0.07052731 0.4120029 -0.02537256 0.07158615 0.0230401
0.3933877 -0.01612581 0.1983545 -0.02339184 -0.108517 0.3016049 0.1554896 0.04616825 -0.2544511 0.08042311 -0.424949 -0.08700247 -0.2111073 -0.1355572 0.04381397 -0.4901681 -0.3220551 0.03372434 -0.08183027 -0.000789673
-0.06606981 0.1133026 -0.04578347 -0.1253632 0.109547 -0.4173524 0.2776144 -0.2260927 -0.07564052 0.3504542 -0.3987462 -0.05600634 0.04198694 0.1952252 -0.04770753 0.3063437 -0.3573041 -0.08394926 0.09330259 -0.2837637
-0.0877101 0.007967221 -0.5401642 0.09506315 -0.2354203 0.03235701 0.03240184 0.1405691 0.1771839 0.05849985 0.1315639 0.1204277 0.1215394 0.1138165 0.2091577 -0.2812732 -0.3782611 -0.4904114 0.08848356 0.07429566
-0.06641666 0.08995166 -0.06259439 0.1862995 0.2872569 0.4025999 0.2463817 -0.2757175 -0.337172 0.0421706 0.05682106 0.1345574 0.1705694 0.01572289 -0.05905039 -0.07802543 0.3418386 -0.3779145 -0.002631271 -0.363526
-0.1647567 -0.009104076 0.4356683 0.1198577 -0.1279546 -0.2227369 -0.1427948 0.1151951 -0.05599294 -0.05525291 -0.08285909 -0.05574615 -0.4471183 0.3703341 0.1071799 -0.09392525 0.2131894 -0.4892084 0.1025408 0.01153341
-0.08004974 -0.08374041 -0.2112748 -0.0648287 -0.173474 0.1387923 0.4717074 -0.1541654 0.07490845 -0.3633293 -0.01466749 -0.1318403 -0.1585019 0.5842183 -0.1556691 -0.08123231 0.07813686 0.2798795 -0.03309488 0.06397986
-0.5500362 -0.09056951 0.06528508 -0.1078096 0.04506375 0.4170395 0.002076768 0.3312552 -0.2318661 -0.05076772 -0.3087772 -0.03739109 0.1192533 0.005758231 0.03652258 0.3229598 -0.167471 -0.05265215 -0.05231196 0.2848821
0.03007893 0.01179449 0.05379483 0.08502039 -0.0426369 0.1066481 0.314763 -0.06769319 0.2848042 -0.348654 -0.06311932 0.3808344 -0.3977227 -0.3686521 0.2484041 0.3396638 -0.1130056 -0.06971566 0.1050561 -0.1430416
0.2294144 -0.0279824 -0.1330338 0.2321577 0.5100276 -0.3281905 0.1363035 0.3396817 -0.1729404 -0.489105 -0.08276545 -0.2252884 0.1169666 -0.0197522 0.07552102 0.005081775 -0.05720237 -0.1114279 -0.06996732 0.07791038
0.09346723 -0.04908847 0.1911757 0.2007896 -0.01005853 0.09502571 0.0461395 -0.5665724 0.1697754 -0.05532775 -0.03032488 -0.394573 0.2165059 -0.0883061 0.124917 0.1121983 -0.07340501 -0.2048742 0.1736776 0.4804602
-0.3548504 0.07423607 0.02411569 0.71381 -0.1088991 -0.1534059 0.0687179 -0.03624725 0.07143214 0.06542085 -0.1003482 0.05425481 -0.05228714 -0.1792323 -0.3768949 -0.1571283 -0.09991543 0.1443981 -0.2477133 0.02909961
-0.2745044 0.6019772 -0.003298931 -0.3154233 0.03626581 -0.06391601 0.0469246 -0.001829674 0.03369292 -0.2352691 -0.009410025 -0.172138 -0.04123887 -0.2732089 -0.2654615 -0.2779605 0.008030156 -0.04026331 0.3776704 0.02364896
-0.06909237 -0.6122647 -0.01109729 0.09956395 0.01252927 0.006161156 0.01792068 0.1084493 -0.01946628 0.02053928 0.004059626 -0.09633152 0.00738919 -0.1212904 -0.2361016 -0.08408532 -0.02481254 0.06710904 0.6828683 -0.1973296
