0.2812357 -0.0418238 -0.1290619 -0.2079653 -0.1997675 0.008677159 -0.1705491 -0.1825443 -0.3583976 0.1139534 0.2490119 -0.3226165 0.2357124 -0.1395294 -0.2843332 0.2908535 -0.2229562 -0.06473799 -0.2531579 0.3014582
-0.2934626 0.03379241 0.1593569 -0.3942858 0.3204599 0.4567404 -0.1032757 -0.4245594 -0.1015342 -0.164706 0.08435303 -0.1289161 0.001156688 0.2648232 -0.02269058 0.08786493 0.2282534 0.1750372 0.08464312 -0.01473218
0.07051484 0.4258659 -0.303017 0.09522526 0.08270562 -0.09103736 -0.4144813 0.1612981 -0.07964989 -0.2589982 0.01682229 0.04142655 -0.3813713 0.3887095 0.06296461 0.1688009 -0.1791989 0.02880919 0.1101987 0.2243483
-0.04716968 -0.04766264 -0.3275548 0.0175711 -0.3438867 0.02988697 -0.2638619 -0.00207601 -0.0260664 0.03125035 0.1296262 0.1739407 0.1933583 0.0731182 0.2026719 -0.2812591 0.31864 0.5327196 -0.3195693 -0.006852371
0.0744955 0.2519113 0.3058385 -0.1975542 0.05543162 -0.3016786 -0.08248189 -0.0476638 0.04215952 0.4872818 0.4815069 0.2065606 -0.02998631 -0.04388704 0.204815 0.004124974 0.1481223 0.05109362 0.2868284 0.1729701
-0.1895843 -0.5282997 -0.1091544 0.08166434 -0.1615752 0.07456395 0.2356351 -0.04298668 -0.201671 0.3437693 -0.02827511 0.06797001 -0.3339559 0.2975772 0.1994377 0.2311434 -0.2053163 0.1574092 0.1279656 0.1909933
0.0980958 -0.2044506 -0.1804273 -0.06625611 -0.04519999 0.09741022 -0.2837415 -0.1620488 0.1607963 -0.05992191 -0.1709076 0.1353907 0.02284974 -0.2296698 0.4738407 0.3075869 0.3271962 -0.4626795 0.01860313 0.1498849
-0.3982927 -0.03393756 0.2611323 0.1972311 0.1238584 -0.1699575 -0.2217583 -0.08649818 0.02525432 -0.00448089 -0.214089 -0.1728141 -0.219478 -0.3618745 -0.05395859 -0.1612209 0.02172606 0.1439242 -0.1996991 0.5355238
0.009932979 -0.2460532 -0.3019089 0.1017397 0.0182863 -0.218609 -0.03457062 -0.3303546 -0.02714339 -0.1899858 0.1277198 0.3261421 -0.09068211 -0.1391244 -0.5312026 -0.08164259 0.1965375 0.003663035 0.4031076 0.04833769
-0.1676558 0.04448194 -0.2729302 -0.2219553 0.2277904 0.1720671 0.2838756 0.1965962 -0.1857674 -0.06050592 0.1376152 0.2987612 0.1790847 0.0002010829 0.08478994 -0.4060647 -0.1370195 -0.3050065 -0.08586043 0.4192082
0.3998495 -0.06154795 0.09001429 -0.1728302 0.1943384 0.003717675 0.206028 -0.009275469 0.4504635 0.01032444 -0.1536486 0.2996024 -0.08041968 0.1845427 -0.2176048 0.1979456 0.07518492 0.2089124 -0.3673036 0.3006401
-0.1851438 -0.09643638 0.2974347 0.2149652 -0.3271677 0.1193444 -0.2859563 -0.04850084 0.2444306 0.07904154 0.1238386 0.1154405 0.1743749 0.4726015 -0.24924 -0.141921 -0.03998603 -0.4080398 -0.09245741 0.09496418
0.4988673 0.1097006 0.04040759 0.4381395 0.09606293 0.3363503 0.0921515 -0.1894413 -0.2330114 0.2042574 -0.08680032 -0.1703908 -0.1385237 0.08557278 0.03431742 -0.3313743 0.2767464 -0.06223449 0.07508458 0.1502611
-0.04574558 -0.1877664 -0.1051644 0.4142484 0.5336364 -0.3190441 0.01300778 -0.06709909 0.02210396 -0.03852864 0.1889021 -0.1574431 0.4556206 0.2412374 0.1629379 0.1591161 0.02213295 0.04204509 -0.07778124 0.01887255
0.1469454 -0.3557702 0.2033309 -0.1938248 -0.01928156 -0.06277652 -0.08945993 0.6051753 -0.1360748 -0.2240873 0.02536072 -0.245786 0.03931205 0.1258386 -0.08302727 -0.03368402 0.3828161 0.04100329 0.2384719 0.1846011
-0.02870678 0.07050675 0.2230939 -0.01535024 0.1054061 -0.1772178 -0.1369001 0.03759632 -0.6010533 0.1334549 -0.4223068 0.4443148 0.1349668 0.098806 -0.1047958 0.1420937 0.1325422 -0.05379005 -0.1620522 -0.1442894
0.06133725 -0.2048289 0.03663102 -0.136999 0.1076124 -0.2906831 0.01231683 -0.1120875 -0.1336441 -0.1197695 0.3075672 -0.08243644 -0.4993088 0.09017856 0.06486663 -0.2109455 0.117635 -0.2676277 -0.4745874 -0.2737485
0.1878805 -0.3285072 0.0898355 0.04248113 0.3479765 0.3335183 -0.4881598 0.1758301 0.03178261 0.1091513 0.1427966 0.2244079 -0.05514732 -0.2311504 -0.01593559 -0.120109 -0.3757819 0.11739 0.01270643 -0.1881248
0.2874953 -0.138244 0.2851667 -0.1442168 -0.1593536 -0.2371287 -0.01256042 -0.3417341 -0.06462876 -0.3965829 -0.1582556 0.05946507 0.1488554 0.1149284 0.3261476 -0.2834278 -0.3606611 0.1131429 0.1737863 0.1112102
0.01946762 -0.06736016 -0.3096646 -0.3528269 0.158645 -0.2308791 -0.2163374 -0.06339084 0.1724949 0.4378596 -0.4119076 -0.2842386 0.0476561 0.1926864 -0.09572998 -0.3153597 -0.04415211 -0.08228621 0.1089267 -0.06982387
