0.2863599 -0.1336099 -0.47272 -0.08275669 0.09642534 -0.03069435 0.1755394 0.4172844 0.1351362 0.2124423 0.411125 0.2157551 0.4008404 0.1225258
-0.009770397 0.4648254 0.0763645 -0.3019514 0.1868668 -0.268361 0.425537 -0.1892485 0.260662 0.4570273 -0.2304902 -0.1230749 0.07307025 0.112121
-0.02332576 -0.2998751 0.06218939 -0.3756795 0.4091567 -0.3774565 -0.3204688 0.06863363 0.064076 -0.2635474 -0.02553062 -0.449714 0.1806863 0.1952684
0.0101724 0.05440725 0.06489375 0.04630538 -0.4334671 0.265066 -0.1732631 0.08042488 0.5479965 -0.04480481 -0.05514503 -0.1720529 0.01828066 0.6005447
-0.6791449 -0.2459672 -0.1276273 -0.4310683 -0.04035114 0.1705778 0.03423184 0.004184025 0.3418455 0.01598116 0.03298781 0.2480361 -0.04769482 -0.249481
0.545797 -0.08434663 0.1044417 -0.464993 0.1700012 0.1943471 0.02297179 -0.09694385 0.1252187 -0.1926666 -0.06355721 0.3830982 -0.4278622 0.06780697
-0.05477143 -0.1948551 -0.04470578 0.2134095 -0.2322919 -0.7619932 0.07850478 -0.1118602 0.1763241 -0.09747646 0.06589905 0.344519 -0.2639519 0.1578668
0.1505197 -0.01610412 -0.003622746 0.2105274 0.1364438 -0.09269676 -0.4446707 0.3862344 0.3472413 0.3474832 -0.4053952 0.06332103 -0.1293367 -0.3636305
-0.3459753 0.08184469 -0.01053063 0.1128202 0.4212583 0.09219102 -0.1150098 0.2437834 -0.3069645 0.1944733 -0.06890103 0.2781204 -0.2635156 0.564413
0.02585748 -0.4114606 0.02763234 0.4539223 0.4437517 0.2112444 0.2635087 -0.3809842 0.311529 -0.03522124 -0.1601323 0.05551843 0.1905361 0.06146052
-0.0864116 0.43467 0.0009019312 0.2156665 0.3407448 0.009785812 0.02203356 0.1077662 0.3601522 -0.3107649 0.5122829 -0.1497596 -0.3036151 -0.1595373
0.03235098 -0.331989 -0.3442653 0.01728035 -0.07172337 0.06307119 0.3511601 0.1518946 -0.06346488 0.1679069 -0.05553517 -0.5160403 -0.5592924 0.001282678
-0.05708011 0.1926721 -0.2076624 0.03252126 0.0001029259 -0.02906946 0.341638 0.3851293 -0.002223617 -0.5828334 -0.5348203 0.07939514 0.1320739 -0.008500523
-0.0181001 -0.2346973 0.7555789 0.0123097 -0.04182611 -0.01306467 0.3558228 0.4692389 0.01276522 0.05817928 0.1356529 -0.00243335 0.03299284 -0.04218432
