-0.1864502 -0.4082755 0.04109405 -0.3915544 0.03632228 -0.3563018 -0.03616742 -0.3691382 0.02772098 -0.3156534 0.01744211 -0.2048305 -0.02551426 -0.2929468 -0.0520357 -0.236381 -0.02772944 -0.09800154 -0.2765719 -0.05585199
0.1408441 -0.06516317 0.1070407 -0.1614007 -0.05458642 -0.09105509 0.1822361 -0.06217952 0.0740928 0.1402956 -0.4707893 0.528034 0.342469 -0.1074206 -0.3098732 -0.2296353 0.03492192 -0.06910102 0.2323386 -0.16393
-0.1277998 -0.06401176 0.4471089 -0.007379263 0.5338716 0.1531387 0.1355338 -0.02256237 -0.2219833 -0.05092324 0.05549973 0.04774501 -0.1222506 0.1622849 -0.1855252 0.2385155 0.3199322 -0.2005775 -0.07558458 -0.3378442
-0.07033239 -0.06322404 -0.3971514 -0.1424689 -0.0212297 0.07927048 0.577548 0.05992699 -0.0723785 0.1150727 0.06266445 -0.1583799 0.2273425 0.2399966 -0.1074319 0.03909526 -0.1039032 0.296589 -0.3126352 -0.3206181
0.1992976 0.04348681 -0.009861083 -0.0117311 0.05653182 0.005244302 -0.07764029 -0.1184183 0.4505366 0.3602573 -0.05594273 -0.2147048 -0.4524993 0.07031738 -0.5379827 -0.004444345 -0.1926674 -0.05594302 -0.1026771 -0.05427419
0.2597154 -0.01965105 0.03349137 0.04017505 0.1758154 0.02592187 -0.393917 0.001279391 0.02158975 -0.04718149 0.1618139 0.1219895 0.2436948 -0.3905674 -0.07064351 0.3246326 -0.2415924 0.4287857 -0.112844 -0.3487817
-0.2044147 0.005200352 -0.07259875 -0.003836752 0.3122861 0.09462997 0.0743687 0.09778091 0.6268378 0.01675021 0.440538 0.1529301 0.2343615 -0.0322265 0.1912626 -0.2136258 -0.06978376 -0.2280287 0.12815 -0.09589089
-0.1052719 -0.1298445 -0.2063953 -0.1190188 0.1396876 0.1115239 -0.0874699 0.04761495 0.1547071 0.08881758 -0.04867019 0.004768606 -0.2012541 -0.1402307 -0.01102789 -0.156077 0.6589721 0.5372195 0.1616092 0.07479924
-0.0298553 -0.1544339 -0.2589636 -0.1881662 0.396826 0.02189327 0.2000648 -0.1868351 -0.2001749 -0.03867638 0.03746814 0.1803038 -0.2533967 -0.03674038 -0.005173099 0.204805 -0.4000067 0.09191687 0.4537882 0.2872597
-0.7839908 0.05724066 0.04211223 0.01464733 0.02721215 -0.05603597 -0.2178905 0.2068884 0.03548157 0.1345 -0.2234155 0.1362949 0.08168872 0.01513219 -0.2032937 0.1607749 -0.1946933 0.1244462 -0.191765 0.183982
-0.1562909 -0.05507294 0.1639031 0.05663513 -0.1011294 -0.01103358 -0.06573784 -0.04150332 0.1244186 -0.1440917 -0.2623453 0.04489239 -0.3541694 0.2759543 0.378761 -0.1830588 -0.2654522 0.2514645 0.1909594 -0.5198757
-0.08113925 0.008216357 -0.4375039 0.03126232 -0.02541557 -0.3710004 -0.1254653 -0.171176 0.05856618 0.2625996 -0.1428084 0.04155716 -0.03256048 -0.02907905 0.2339921 0.4559881 0.2421819 -0.3305418 0.07114539 -0.2925188
-0.1343697 -0.1802149 0.3309691 -0.2335083 -0.4082991 0.2568122 0.006343089 -0.4524941 0.04290059 0.3780949 0.2852109 0.03798299 0.1205114 0.09896833 0.09404718 0.2335742 0.03101897 0.105406 0.1331672 0.05328434
0.2487964 -0.2913444 -0.0509781 -0.1136667 0.1648927 0.1456869 -0.1876345 -0.07430092 0.2990714 -0.2130297 -0.298728 0.1160067 0.1696327 0.4916794 0.1581437 0.2257889 0.03326486 0.02411032 -0.2866667 0.2840024
-0.07819704 -0.2727697 -0.2660289 0.07186926 -0.05547203 0.7175209 -0.1293518 -0.004824961 -0.1273536 0.0544763 -0.2114805 -0.02202943 -0.07535579 -0.3020756 0.05164295 -0.1128265 -0.0738695 -0.310919 -0.1075036 -0.13591
0.1670071 -0.24246 0.1892756 -0.4028265 0.1304566 -0.1359606 -0.0444372 0.52916 -0.1181546 0.491511 -0.04167926 -0.09957995 -0.05223211 -0.06521881 0.3142745 -0.06427219 -0.1059456 -0.05379444 -0.07352133 0.03371149
0.01392452 0.1334532 -0.01420034 0.3031407 0.3734657 -0.07175509 -0.1018577 -0.4550914 -0.2126521 0.4182765 -0.05517243 0.02770328 0.1236706 0.0725997 0.2139712 -0.3940212 -0.05625008 0.1090095 -0.2417737 0.09327914
0.0104064 0.6467192 0.09297908 -0.4220921 0.07754007 0.1883741 0.1876444 -0.1474249 0.1541103 -0.07208661 -0.2425578 -0.01173425 -0.09311127 -0.2706854 0.260814 0.1263389 0.003916633 0.0140027 -0.1979317 0.05625672
0.01517029 -0.2914916 0.2341402 0.4868451 -0.02222637 -0.0885193 0.4813891 0.01083326 0.2456496 0.04717503 -0.1644022 0.02113865 -0.1133009 -0.3684221 0.1873609 0.224707 -0.005826997 0.09831083 -0.1496458 0.1627084
-0.05517277 0.002726221 0.1030323 0.05089778 0.1732858 0.0507982 -0.01819305 -0.04380453 0.0888829 0.009606561 -0.314327 -0.6971291 0.4122835 -0.02489586 -0.02054347 0.06508793 -0.03558505 0.02018424 0.4232409 -0.00620883
