-0.5642267 0.01864172 -0.1602612 0.06636364 0.136399 0.1367203 0.5577473 0.5503033
-0.008989388 0.3709651 -0.3542227 0.5429542 -0.4321787 -0.5019188 -0.01431062 0.05590529
-0.1476077 -0.05621789 0.6456246 -0.3101689 -0.5438507 -0.3500017 0.1511607 0.1445382
0.0482708 -0.8482075 -0.03297487 0.4309042 -0.2590761 0.09836853 -0.05211241 0.1092508
-0.04872725 -0.3563947 -0.3053027 -0.3482932 0.3559361 -0.7269067 -0.01818045 0.02600404
0.02045818 -0.03502337 -0.5632137 -0.543026 -0.5318942 0.2601678 -0.1371555 0.1298367
0.188768 0.1049494 0.1392227 0.02693977 0.1485678 -0.02110023 -0.5654261 0.7687777
-0.7867802 -0.01275788 0.03349352 0.04474673 -0.006971092 0.02610849 -0.5694726 -0.2294796
