-0.4289197 -0.1054473 -0.2580163 -0.1016447 -0.2034467 0.1852385 0.1830237 0.3935562 0.3974899 0.3828971 -0.09509733 0.3876401
-0.05231846 0.3950606 0.3408217 0.5443112 -0.4235606 0.2538637 0.3314687 0.0321053 -0.01478544 0.01551671 0.2668628 -0.04825068
0.006756554 0.2102584 0.1801701 0.08894288 0.07473814 -0.4961009 0.4325483 0.06467833 -0.004010204 0.06975586 -0.6835048 -0.01815377
0.007176428 0.7622705 -0.2864166 -0.2527255 0.2503599 0.3953309 -0.0376668 0.02722608 -0.02233427 -0.148487 -0.1701731 0.01883779
0.05664462 0.1768525 -0.3391541 0.2908913 -0.4641998 -0.3322665 -0.5448709 0.2404284 -0.03921137 -0.219773 -0.1533433 0.1093018
0.02740443 -0.2362423 0.3109029 0.2784872 0.08096768 0.5392543 -0.3399154 -0.009010162 -0.1463109 0.04714555 -0.5515299 0.1686221
0.1819868 -0.2039865 -0.3962743 -0.2089615 -0.5248099 0.2518093 0.315295 -0.2004655 -0.3452536 0.04301919 -0.2388477 -0.2608495
-0.04224797 -0.2371903 -0.4802584 0.5284019 0.3883188 0.08531552 0.3257696 0.1054888 -0.04162653 -0.3904871 0.02468103 0.04419421
-0.1339181 0.05842301 -0.1961199 0.267492 0.1916366 0.002164666 -0.2017657 0.1107747 0.02402019 0.5530208 -0.02351501 -0.6869978
-0.09273952 -0.1371847 0.2388659 -0.2292004 -0.1001429 0.134048 0.02884619 0.5444115 0.2230594 -0.4940449 -0.0872691 -0.4861325
-0.03187131 0.01213123 0.08122683 -0.1047523 0.1153369 -0.05609871 0.0509119 0.5619859 -0.7561989 0.1589132 0.1666824 0.1467078
0.864164 -0.01435373 -0.03587732 0.03883898 0.05128433 0.07637918 0.0775694 0.3247675 0.274266 0.2149774 0.04789878 0.08082508
