-0.4162122 0.04170395 -0.09594893 0.04500374 -0.1543081 0.2897294 -0.07054429 0.1020911 0.0668269 -0.04826165 0.07222074 -0.03969193 0.357091 0.3448275 0.3496198 0.3797568 -0.09817815 0.3931272
-0.05415987 -0.4314375 -0.08637152 -0.514616 -0.2172998 -0.1288194 0.4347231 -0.1913236 0.001980123 0.248636 -0.3013779 0.2119888 -0.03130866 0.09349564 0.002710899 0.1105819 -0.1582102 0.06823988
0.0345293 0.07713433 0.4827618 0.1637433 -0.4664495 0.2094295 -0.2205968 -0.3075405 -0.1630254 -0.04252841 -0.4463557 0.1730184 0.07422001 -0.2107 0.1167689 -0.01521466 0.08355247 0.001374183
-0.001720781 0.4912918 0.1208275 0.3463518 -0.01443792 -0.2289892 0.3733625 0.06564602 -0.008965193 0.3700461 0.0305339 0.3448217 0.04387516 0.09880456 0.06871525 -0.06708769 -0.3872043 0.005581641
0.04836693 -0.07614225 -0.08021669 0.143183 0.1200046 -0.05467552 -0.04170395 -0.07306366 0.3665553 -0.5977741 -0.3122223 0.08920419 -0.205275 0.08297423 0.1017956 0.005290996 -0.5292965 -0.0612734
0.01390162 -0.0231657 -0.2444124 0.1587364 -0.005968521 0.008666861 -0.1389762 -0.4706794 0.6327765 0.1934546 0.1629877 0.335989 0.07659636 -0.07517393 -0.04921021 0.002247756 0.2810362 0.05621946
-0.003206228 0.1974212 -0.3033778 0.05639875 0.3273851 -0.2312384 -0.08606158 -0.5859214 -0.3875133 0.02176931 -0.2615642 -0.2352555 0.2111916 0.1329746 0.01156092 0.1296814 -0.0147474 -0.02406158
0.01313871 -0.2007434 0.3284047 0.1941398 -0.1829379 -0.1325262 -0.0009080019 -0.1793365 0.3016018 0.2763906 0.06988465 -0.6615276 -0.01578567 0.2643709 -0.08510293 -0.0691848 -0.1893812 -0.05389109
0.1043851 0.06844263 -0.4629369 -0.047936 -0.4875549 0.1697326 -0.2633028 -0.06588364 -0.1766719 0.0597855 0.2040143 -0.03692102 0.004106397 -0.1004202 -0.3014894 -0.2074557 -0.4452495 0.08699892
0.01048225 0.2215085 -0.3322232 0.1622269 -0.05686172 0.4248331 0.4558397 0.1073295 0.169415 0.03848208 -0.4259 -0.3200444 -0.08540242 -0.1073846 -0.06963907 -0.1447808 0.221795 0.05725241
-0.1068359 -0.3667883 -0.09579562 0.2547735 0.3088651 0.2929499 -0.2986604 0.08744593 -0.1653391 0.4166388 -0.1979063 0.1662348 -0.2799751 0.2005673 0.1748241 -0.276662 -0.09195661 0.001878083
0.07969931 0.324983 0.004521139 -0.4049895 0.0992218 -0.2197977 -0.4388337 0.2845787 0.2976552 0.2840815 -0.3832042 -0.1072887 0.04937686 -0.1141766 0.04247155 -0.01648486 -0.06881474 0.2057632
0.03806947 -0.3945103 -0.0665148 0.4077534 0.03217606 -0.2785607 0.004132185 0.282054 -0.02849393 -0.01746244 -0.2242615 0.05430817 0.4798607 -0.2188356 -0.3515452 0.05012773 0.004091596 0.2353594
0.03501302 0.1331556 0.2823288 -0.1039692 0.2390259 0.321259 -0.01393666 -0.08642223 0.005268898 -0.02493126 -0.04685662 0.1437641 -0.09107923 0.3176323 -0.7041347 0.1846376 -0.04546394 0.2405375
-0.02069016 -0.06483319 0.20332 -0.1912226 0.3833423 0.3760901 0.1310296 -0.1688557 0.07222819 0.06496292 0.1516849 -0.08234493 0.402891 -0.4617479 0.1005723 -0.1864973 -0.3517542 -0.001415106
0.1020444 -0.01042124 -0.1004166 0.02923995 -0.02716537 0.209285 -0.1019368 0.1627659 0.0765141 0.1925918 -0.09622832 0.03327615 0.17143 0.002347419 -0.08997769 0.5233745 -0.1050121 -0.7220571
-0.04209406 0.05017273 0.006056911 -0.1661473 -0.06200143 0.01519692 -0.01690493 0.06823935 0.06611599 -0.1541704 -0.09582368 0.1268805 0.4849441 0.4793602 -0.05996361 -0.569743 0.1231262 -0.3119474
0.8808309 -0.07142617 -0.01194029 0.0128091 0.0146437 0.1391596 0.05067225 0.02371389 -0.02900309 0.01147987 0.05897666 0.01724747 0.1328148 0.2267694 0.264448 0.08038251 0.02386538 0.2127024
