-0.5370537 -0.1482022 -0.02995662 0.09800133 0.04389917 -0.04724739 0.05581228 0.2003256 0.2474753 -0.1124732 0.5292283 0.5269974
-0.01918344 0.1616681 0.4679144 -0.4522271 -0.4311842 -0.4361052 -0.2107759 0.2872817 -0.1465979 -0.1420944 0.01349936 0.07150723
-0.1491354 -0.3446192 -0.008255384 -0.1912282 -0.2953348 0.004434245 0.04488315 -0.4811256 -0.3905588 0.5528779 0.1196611 0.1705645
-0.09293162 0.3010692 0.2268144 -0.3944981 0.4143561 0.4853986 -0.470513 -0.06008813 0.03089992 0.2065983 0.1040923 0.08293871
0.009234187 -0.3917395 0.5413528 -0.1657682 -0.0625212 0.2958547 0.2846242 -0.3169631 0.3614928 -0.3307048 -0.09623747 -0.06077046
0.07755823 -0.5912473 -0.04791012 0.1765761 0.04719369 -0.1482142 -0.7435616 -0.0006009411 0.09560611 -0.1047946 -0.1166688 -0.0111342
-0.1039687 0.1775548 0.003397562 0.2336535 -0.1137051 0.2252475 -0.154042 -0.3088424 -0.5712618 -0.611216 0.106312 0.09515319
0.03237881 -0.2631743 -0.1507858 -0.4571926 0.619228 -0.3391392 0.2132717 -0.03252432 -0.3011909 -0.2482269 0.02274544 0.008843944
0.03175824 -0.2928612 0.3828628 0.2628407 0.1462369 0.284583 0.1545232 0.5745063 -0.4523823 0.1744629 -0.07417912 0.0256373
0.04394618 -0.2056981 -0.5126147 -0.4483377 -0.3542919 0.4621094 0.017773 0.3326057 -0.006742631 -0.1810976 -0.08813686 0.03682704
0.156006 0.09961869 -0.001912668 0.03312644 0.05480674 -0.02721484 0.04038907 -0.06559678 0.03679865 0.0005244149 -0.5947708 0.774501
-0.7969263 0.02591587 -0.03432454 -0.01492699 0.0286258 -0.03776077 -0.01133047 0.01876231 -0.02917308 0.004353338 -0.5411704 -0.2576328
