0.172367 -0.1709805 0.2010078 -0.2009388 0.02904315 -0.008950402 0.09629336 0.01513608 -0.3635494 -0.3778587 -0.3608605 -0.3754826 -0.1553509 -0.08003705 -0.1485073 -0.1239412 0.1117766 -0.1061727 -0.02317084 0.05424767 0.02144128 -0.2217211 0.1939967 0.2803955 0.09272887 0.01021542 -0.1484218 0.1090246
-0.2831811 -0.04319985 0.1274145 -0.05106289 0.0776531 0.164776 0.1814763 0.06322142 -0.07143519 -0.06595289 -0.06760683 -0.1765235 0.3271076 0.3664415 0.3574642 0.2944404 -0.09827912 0.0808036 0.307589 0.01621281 -0.07702546 -0.09668835 0.1109141 0.01774181 0.2080722 0.3100025 0.2196231 0.03821009
0.1953607 -0.07554545 -0.07045723 0.09074345 -0.328423 -0.4041762 -0.3216021 -0.3855427 -0.03417244 -0.1212454 -0.1116341 -0.008816962 0.1837738 0.2458207 0.1247983 0.2349119 -0.08627709 -0.3121525 -0.04023924 -0.09036676 0.0354662 -0.1261512 -0.1004788 -0.1461968 0.1051872 0.06006723 -0.2106239 -0.06265633
-0.2554624 0.3413537 -0.09199303 0.2569518 0.1454733 -0.006890392 -0.2476336 -0.05771093 -0.07419069 -0.07933715 -0.0100336 -0.1361693 0.1429035 0.01114459 -0.01481298 0.03647852 0.04046123 -0.1213273 -0.2242449 0.3240623 0.4058038 0.2512087 0.0385453 0.218922 0.1265817 -0.03821609 0.04744069 0.369785
0.1600214 0.18357 -0.3276609 0.2833075 0.0857445 0.1983503 0.1714722 0.2941417 -0.03335514 -0.229339 -0.3238827 -0.1481875 0.1860515 0.003890131 0.01750267 0.1020931 -0.318037 0.07336243 -0.111263 -0.2343302 -0.08771567 0.1682598 -0.174643 -0.04273102 0.009925396 -0.1760075 -0.2463171 -0.1749994
-0.129172 0.1344952 -0.115558 0.3109274 -0.3540025 0.0256934 -0.02555751 -0.2192048 -0.02515023 0.01793412 0.01772558 -0.0731405 0.06368352 -0.2141369 -0.1521468 -0.06108194 0.1036492 0.2039615 0.25828 -0.3799005 -0.2845252 -0.1565435 -0.004373311 0.2617056 0.14644 -0.1272833 0.1622813 0.3094832
0.07318965 0.04977736 -0.2127817 0.08601983 0.197051 0.03727886 0.2890559 0.04050958 0.1288773 0.04239908 0.04087604 0.1464223 0.001363006 -0.04973642 -0.08002934 0.2208748 0.4146628 -0.2650629 0.1297688 -0.1705422 0.03129559 -0.0339503 0.2710691 -0.1901535 0.002886746 0.2305123 -0.3964969 0.3234848
-0.07271308 0.3280572 0.01231661 0.1915109 -0.1829238 -0.06907731 0.003403974 -0.07125524 -0.1583639 -0.08774828 -0.1281208 -0.08102394 -0.1372639 0.02694874 -0.149313 -0.1318094 -0.00876651 -0.09925336 0.4063531 0.1160365 -0.0004064304 0.2528564 0.1954989 -0.09057462 -0.4555275 0.3158285 0.04982446 -0.2886798
0.1089713 0.4024502 0.3432925 -0.05817543 -0.04323656 -0.1369437 0.07504225 0.1547825 -0.1260198 0.01577661 0.05316548 -0.0009488785 0.04561139 0.07236314 0.0003686501 0.1807517 0.3539581 -0.02335148 -0.04157625 0.2389469 -0.4663151 0.1154127 -0.3959924 0.01967721 0.07117073 -0.07165161 -0.1111132 0.02448093
0.01775649 -0.119905 -0.03395021 0.003648716 -0.2193323 0.1054686 0.01362768 -0.02711298 -0.1531499 0.1184621 0.04324536 -0.05859081 0.1152255 0.03582392 0.2886291 0.3126671 0.1646491 0.06041865 -0.2531984 0.04506616 -0.1296034 0.09232859 0.4224816 0.1521557 -0.4803531 -0.3615591 -0.01544193 -0.00228458
0.1506934 -0.19164 -0.2128988 -0.02000641 -0.2692607 0.05290075 -0.009218893 -0.02207133 0.2699194 -0.1646682 -0.1774982 -0.01128902 0.02992829 -0.03603413 -0.0394934 -0.004884019 0.3314542 0.2629466 0.08929318 0.3486778 -0.01999141 0.3433031 0.1898238 -0.1414248 0.4035437 -0.05251448 0.08711273 -0.165975
-0.229451 -0.1345499 0.1731791 0.1463054 -0.2355803 0.1498566 -0.0852501 0.1802486 -0.1708877 -0.06407842 0.02054367 -0.09197553 0.2191837 -0.1116398 -0.1632691 0.05862778 0.2338112 0.2815878 -0.007848484 0.05355579 0.3453331 -0.2959708 -0.2238719 -0.4215268 -0.1604534 -0.01566858 -0.1719306 -0.0159261
-0.1175753 0.2185348 0.2083396 0.2085909 -0.0884355 0.09761225 0.1422162 0.1100532 0.2316715 -0.09356456 0.0009925533 0.0494773 0.03196322 0.02646932 0.1393755 -0.2271183 0.09933253 -0.4612861 0.01609552 0.01503529 0.06777414 -0.3174036 0.2132177 -0.08859096 0.1771829 -0.3989406 0.1188381 -0.2788475
0.1480027 -0.120348 0.4101535 0.1258183 0.07811526 0.05348819 0.1129126 -0.1454904 0.1330387 -0.1066073 -0.1113612 0.09295116 0.03144122 0.1298176 -0.03656158 0.1080362 0.2822346 0.01202152 -0.02811579 -0.4501391 0.3475607 0.3500108 -0.1788634 0.2074303 -0.07791981 -0.005812622 0.1879356 -0.1129301
0.02716586 0.08990559 0.376818 0.352001 0.2660297 -0.0592853 -0.04804173 -0.2667243 0.168756 0.01004674 -0.008080986 -0.02291304 -0.020113 0.1108444 -0.1326112 -0.0262891 -0.1389887 0.4060598 -0.2540307 0.04004924 -0.1970666 -0.1059252 0.3587082 -0.1075276 0.07949059 0.09952229 -0.233126 -0.07880431
0.07559349 0.3693971 0.1152548 -0.4333731 -0.008702489 0.4450452 -0.0747084 -0.4402478 -0.03466478 -0.1104014 -0.04635287 0.0828307 -0.05186132 -0.1130519 0.1071473 0.07695731 -0.1346719 0.07735073 0.159628 -0.06148702 0.1102069 0.06437961 0.01769502 -0.2435589 0.04191377 -0.2079783 -0.1377704 0.1030728
0.1255903 -0.00150228 0.03783594 0.1846733 -0.009122173 -0.3158689 0.5129635 -0.1447829 -0.2367335 0.1874122 0.06329085 0.07034676 -0.1457068 -0.1888335 0.0830273 0.2468729 -0.2030207 0.1454024 0.2285959 0.223857 0.3101191 -0.03177082 -0.03712284 0.03993956 0.1497157 -0.2225492 -0.02822575 -0.04761031
0.06775413 0.09859072 0.100689 -0.25908 -0.199284 -0.02359656 0.0893945 0.1112078 -0.1619664 0.275664 0.2616865 -0.07500388 0.4752504 0.02318568 -0.4156868 -0.08111879 -0.137172 -0.08185551 -0.06109122 -0.148357 0.09661062 0.1919175 0.2589084 0.08923715 0.2228324 0.03474874 -0.1266879 -0.1623601
-0.2896946 0.1230766 -0.2123992 -0.1613935 0.368291 -0.3461262 -0.1012564 -0.1046163 -0.2657499 -0.01989275 0.02503215 -0.1839308 -0.003936637 -0.1607682 0.1363266 -0.005338859 0.3090657 0.1205909 -0.05433994 -0.3048845 -0.01886835 0.04581093 0.0767172 -0.1819305 0.133047 -0.1170365 0.08711796 -0.3417294
-0.05655471 -0.1624476 0.1196263 0.0140964 0.2335623 -0.02923645 -0.1952124 0.04473785 0.07940634 -0.2775069 0.04514627 0.1064763 0.1402974 -0.3621518 -0.3804736 0.4977878 -0.1718165 -0.200432 0.1588623 0.0906905 -0.1718146 0.01430552 0.07730556 -0.05109 -0.05727254 -0.1330205 0.235389 -0.04956819
-0.1720365 0.07990787 0.1477416 -0.1969542 -0.1940261 -0.3886775 0.09573553 0.2739573 0.2398681 -0.0970944 -0.09664805 -0.1868203 -0.2314271 0.1784102 -0.07589117 0.05661144 -0.1870576 0.07825612 -0.02844656 -0.1965855 0.04143746 0.1813439 0.1386449 -0.3134093 -0.04999293 -0.2005219 0.08449007 0.3774105
0.2340397 -0.03131946 -0.1052121 0.1900058 0.07806747 0.2103645 -0.1532213 0.08933314 -0.4479855 0.02183315 0.1862363 0.09579076 -0.3020599 0.479473 -0.2327564 0.07462002 0.04568135 -0.01889724 0.03373541 -0.06250365 -0.01451312 -0.007004678 0.09016516 -0.225182 0.167669 -0.1648581 0.2528936 0.05941955
0.368032 0.3985396 -0.06734232 -0.09438064 -0.1240757 -0.05685001 -0.04116917 0.1870451 0.05089416 0.01973841 -0.1329664 0.09540831 -0.01258316 -0.1837549 0.0429286 0.2254258 0.04036052 0.1542544 -0.2699776 -0.06690243 0.1744869 -0.3284513 0.1374042 0.00473742 0.00184598 0.3167536 0.3980296 -0.04292556
0.1533364 0.03306363 -0.1416201 -0.1082033 0.2299431 -0.2079424 0.1876137 -0.1607351 -0.01508194 -0.1072073 -0.2037212 0.2431485 0.4811281 0.2334847 -0.1628618 -0.302036 0.07330182 0.1229516 0.07915541 0.137677 -0.02377815 -0.1423242 -0.02296638 -0.08356673 -0.2682981 -0.2075888 0.2152045 0.1869636
-0.3556106 0.06425292 -0.1460222 -0.1542058 -0.03020884 0.07907498 0.05309481 -0.11816 0.1270093 0.3354698 -0.4470595 0.07222756 -0.1823559 0.265148 -0.3890319 0.2733819 0.06094578 -0.009154778 -0.07567121 0.05895054 0.02660662 -0.1793092 -0.08647391 0.1887269 0.007135887 -0.08556273 -0.05848665 -0.1929409
-0.1663125 0.01394915 0.1210567 -0.02378178 -0.0609644 -0.125806 -0.2455085 0.3025692 -0.2236611 -0.1040279 -0.2209579 0.6822296 -0.003239508 -0.01653964 0.1542938 -0.05439219 -0.037822 0.1415303 0.1369668 -0.08365165 0.03219016 0.05654953 0.1784808 0.1778814 0.1228118 -0.0259477 -0.2293977 0.008646617
0.1528843 0.1490477 -0.1202193 -0.1090689 0.1000217 -0.09584737 -0.2077284 0.1551117 0.283552 -0.2012714 0.3566456 -0.161027 -0.04355671 0.2466681 -0.03810643 0.107389 0.07456637 0.2381647 0.3512605 0.01417779 0.1907096 -0.2040318 0.01176537 0.343944 -0.1057616 -0.1654248 -0.2284535 -0.1373016
0.2751355 -0.0417322 0.1537966 0.07911443 0.1994156 -0.00681413 -0.3607285 0.164024 0.058052 0.5633571 -0.351948 -0.2424812 0.09677155 -0.1103047 0.1136853 -0.04430459 0.0330159 -0.04164495 0.3373605 -0.007895628 0.03652164 0.02127086 0.04322704 -0.08567135 0.007475691 -0.1383932 -0.002575846 0.09524219
