0.09027676 -0.3305393 -0.3565816 -0.4180388 0.2192901 -0.1928356 0.1197939 0.1771801 0.0189004 -0.09394032 -0.05747468 0.2132759 -0.07511599 -0.1452797 -0.1845109 -0.1583416 0.1872685 -0.2324839 0.04459572 0.06880859 0.1034804 0.08861658 0.1882698 0.0365625 -0.1498324 -0.006312431 -0.232988 -0.09421275 -0.2612476 0.02736032
-0.1601708 0.142341 0.2038067 -0.05566311 0.2472806 -0.2518473 -0.2515087 -0.01327777 -0.2131218 -0.1172203 -0.3275773 -0.2136683 0.1641097 -0.2769548 0.1198681 0.2421961 -0.08322153 -0.03495865 -0.1188343 0.3080942 0.4004145 -0.09861721 0.06576823 0.05924807 0.01154739 -0.01737876 -0.02541147 -0.09770938 -0.0755679 0.1457123
0.03644625 0.07366662 0.04216187 0.1848087 0.2795432 0.02071925 0.0006325618 -0.1743466 -0.1132579 0.1516878 -0.1275309 -0.2061724 -0.2371133 -0.0615965 -0.2097935 0.07232455 -0.01846488 0.03449659 -0.009922636 -0.1604743 0.03176219 0.3297599 0.230407 -0.2409737 0.006477584 0.381267 -0.3308703 0.1303247 0.03859857 -0.3504709
-0.05009172 -0.06530374 -0.1195606 -0.001291067 -0.1032328 -0.1858783 0.4073465 -0.2925349 -0.1482268 0.1933571 0.03371088 -0.1331471 0.3040999 0.1865892 0.04299557 0.3236541 0.2119302 -0.03297116 -0.1505584 0.05547608 -0.107822 -0.2544675 0.0765353 0.05790802 -0.3053183 0.234232 0.057969 0.1646644 -0.1838846 -0.0197291
0.2114108 -0.1955429 -0.05409282 -0.1968078 0.1429237 -0.2352904 -0.1735973 -0.2603223 0.1593539 0.2566407 0.2816317 0.01791971 0.08804343 -0.272907 -0.003986262 0.1928522 0.02541423 0.2529822 0.133175 -0.103048 -0.0214881 -0.2763064 -0.1679541 -0.3241109 0.2765469 0.006964134 -0.06076821 -0.1339935 0.09745612 0.02545835
-0.3198642 -0.3212462 -0.2259569 -0.1949571 -0.1081147 -0.08542871 -0.05902041 -0.07435942 -0.2206133 -0.266997 0.04383079 -0.2163701 -0.1423169 0.210894 0.2123351 -0.1247148 -0.08054692 0.08111188 -0.3759921 -0.2730231 0.1085663 0.004942363 0.08218942 -0.209822 0.1370818 0.08238777 0.08584512 -0.04352479 0.2284273 0.06903766
0.3391944 0.04304428 0.0709051 -0.03181782 0.05476882 0.09866501 -0.04139642 -0.022106 -0.04696702 -0.154657 0.01651841 -0.2704651 -0.2914113 -0.05477817 0.1481314 0.04060627 0.4402705 0.2123636 0.2249851 -0.1539145 0.07795652 -0.005559173 0.2518237 -0.005469983 -0.2107098 -0.08464056 0.1695112 0.2023689 0.04169559 0.3811428
-0.03977059 -0.03512475 0.2264626 0.02232895 0.2166082 -0.1494277 0.02222382 0.09061507 0.455838 -0.03880926 -0.06212705 0.1320489 0.1000068 0.07181114 0.261459 -0.1426158 0.199855 -0.0784748 -0.3049123 0.1095815 -0.1190468 -0.07223841 0.09892841 -0.05317978 0.1696136 0.02818022 -0.2282528 0.4831662 0.1721186 0.07194819
-0.08940381 0.2129498 0.09206449 0.04164809 0.1242381 -0.07364732 -0.06000081 -0.1903039 0.09098044 -0.1376579 -0.004462735 0.1865944 -0.1556817 -0.01338025 0.4162741 -0.03311708 -0.2093623 -0.1778699 0.09310514 -0.3087884 -0.2581413 -0.1892998 0.2522975 -0.1353554 -0.07990695 0.02542306 0.004408596 -0.2098304 -0.4470877 -0.003209758
-0.1803586 -0.00549805 0.03254101 0.1763855 0.1457471 -0.1129503 -0.00350397 -0.2725079 0.01000198 -0.1049965 0.04905109 0.1688387 0.03039541 -0.2956312 -0.2416829 -0.2812283 0.1284514 0.3911244 -0.2405532 0.05917598 -0.2085352 -0.04198959 0.2672051 0.2305721 -0.1911648 -0.1367626 0.1731568 -0.1829457 0.1578355 -0.1219354
0.3088851 -0.1516558 0.1033693 0.07063564 0.1493356 -0.2397425 -0.04069329 0.05570138 0.003372445 -0.3949098 0.1559423 -0.002874192 -0.02589836 0.1618473 0.1726382 0.07650055 0.03012937 0.2326807 -0.03803066 0.05030589 -0.03578588 0.1975523 -0.2957501 0.3494484 0.1015116 0.336365 0.08695868 -0.08939765 -0.2042547 -0.2212059
-0.1545214 -0.02389254 0.293729 -0.1099286 -0.04299996 -0.186433 0.2274922 0.2043917 -0.3628648 0.007804464 0.19982 0.1938477 -0.06874426 -0.02999623 0.03731161 -0.06265922 0.06178043 0.06811958 0.2742721 0.1793464 0.05923294 -0.02228571 0.2361174 -0.2159487 0.2697542 -0.05389072 0.2937719 0.2326435 -0.06653236 -0.2900255
-0.1037944 -0.1737384 0.1978438 -0.1030922 -0.1247919 0.1950818 0.140437 -0.1781635 -0.04763257 -0.07614744 -0.3862192 0.1599532 0.1079537 -0.05015074 -0.1123724 -0.2670364 -0.08562553 0.2869888 0.2603024 -0.1949913 0.1387487 -0.2332142 -0.09810922 0.1512885 0.1468074 0.3215635 -0.1652589 0.1404896 -0.1218453 0.1864877
-0.2970122 0.1301787 -0.03656498 -0.03195422 -0.2769555 -0.01362071 0.04413456 0.182642 0.2510839 0.2481826 0.1477886 0.1950045 -0.09986988 -0.1349647 0.2308207 0.1259946 0.1321255 0.2678511 -0.01361037 0.1154955 0.1712829 0.3091741 0.1180407 -0.001504777 -0.06123396 0.3887013 -0.03217477 -0.2334147 -0.02154008 0.214539
0.0413938 0.05446081 0.06857547 -0.1626801 -0.08310817 -0.1926501 -0.2330458 0.3413736 -0.04480044 0.1659626 -0.2561403 -0.1003763 0.2554018 -0.1679509 -0.1734822 -0.05625803 0.02646221 0.06724287 -0.1796752 -0.3294345 -0.354734 0.2020074 -0.07750133 -0.1292164 -0.0380364 0.106961 0.3176554 0.1332304 -0.2110075 0.07686205
0.03782072 -0.2577645 0.1172016 -0.1254312 -0.1600089 0.1937078 -0.4104904 -0.2690894 0.1068897 0.006579241 -0.2730332 0.284689 0.0454739 0.1005994 0.06667126 0.1758627 0.2767261 -0.2484566 0.06649319 0.05445912 0.06026202 0.07329728 0.1074173 -0.02387978 -0.07451677 0.1136435 0.2891623 -0.06164867 0.1480636 -0.2989694
0.001434657 0.1020863 -0.2500642 -0.1621939 0.1638607 0.5096952 0.05909768 -0.1265522 0.09061353 -0.2884949 0.1693416 -0.002364303 0.331264 -0.2554053 0.1002137 0.02617942 -0.1479109 0.1232548 -0.06886304 0.1567023 0.05226456 0.1802569 -0.008452184 -0.2304094 -0.0277631 0.05266364 0.1729256 0.2541075 -0.1754372 -0.07227862
0.1404637 -0.1191204 -0.06119239 -0.0881929 0.1026188 0.1477153 -0.04472802 0.03046645 -0.253185 0.1962398 0.09205431 0.2735355 -0.1414211 -0.1629828 0.0712781 0.3337451 -0.3345795 -0.05921265 -0.1689864 -0.1052822 -0.1428041 0.01828475 0.2403587 0.4465784 0.161889 0.05395851 0.03434556 0.2263201 0.1484816 0.1837158
-0.167929 -0.0231353 -0.1727244 0.2970609 0.08875192 -0.03629326 0.07812755 -0.09523036 0.1390097 -0.02902897 0.009890773 -0.04862099 0.2800452 0.06094798 -0.1112832 0.1415382 0.2446331 -0.1124612 0.1218275 -0.3077039 0.1732126 0.2270661 0.1947502 0.1842524 0.5166857 -0.1858254 0.1102648 -0.05722373 -0.1708908 0.1002353
-0.2161283 0.1740305 0.02747991 -0.06996691 -0.2405547 0.0622105 -0.01731769 -0.09781563 -0.06580666 -0.190117 0.1569487 -0.06416986 -0.3032107 -0.4492147 -0.1025654 0.07962699 0.3525553 -0.2923894 -0.1524424 -0.08252015 -0.09062952 -0.1344058 -0.3205739 0.1362078 0.1587764 0.08143159 -0.09848957 0.1339794 -0.09677494 -0.09818128
-0.08347464 -0.0718265 -0.1800727 -0.0638616 0.266992 0.1694719 0.3098603 0.04171315 0.02902736 0.1965296 -0.4305332 -0.19826 -0.2259406 -0.08366818 0.2751567 0.00120846 0.118967 0.05727421 0.06621903 0.2141835 -0.3247695 -0.01026569 -0.1567783 0.03884628 0.2458698 -0.01867273 0.2067097 -0.207545 0.06458925 -0.07467811
0.2565184 -0.04161203 -0.02158725 0.1210984 -0.3657114 0.00484751 0.06358594 0.1219725 -0.03541855 -0.3513407 -0.07652942 -0.1239711 0.2065194 -0.159914 -0.04886153 0.08505955 -0.0257385 -0.0881954 0.059018 0.2101102 -0.3417497 -0.07565353 0.3666015 -0.1361699 0.221563 0.1879706 -0.1940648 -0.2283531 0.1714938 0.07560688
0.1888831 0.3075495 -0.2470704 0.05640797 -0.01474608 -0.1881244 -0.08271939 -0.3005472 -0.4024833 0.105325 -0.03029125 0.2408664 0.1548007 0.005094817 0.240627 -0.3765397 0.1475491 -0.1349299 0.0553468 0.09664685 -0.03513634 0.2378749 -0.1569846 -0.03778256 0.101785 0.0938439 -0.04779603 0.0439574 0.1498719 0.1868738
-0.4069743 -0.2032632 -0.032874 0.04101069 0.1418066 0.05999586 -0.2664457 0.1497119 -0.1954497 -0.04582557 0.1378266 -0.08763684 0.2431822 -0.02183692 0.2048279 0.09307789 0.1225652 0.06581784 0.4128106 -0.05146002 -0.3152173 0.07838838 -0.07562609 0.1191048 -0.2109188 -0.06715184 -0.3256514 0.07896541 0.1212934 -0.04635701
-0.007226205 0.4873154 -0.2514212 -0.4555729 -0.1480102 -0.148702 -0.07070452 -0.02787964 0.1265393 -0.09860341 -0.1629881 -0.02355538 0.0006461405 0.1976643 -0.01166553 0.1388946 -0.01246356 0.2763022 0.1106937 -0.0725951 -0.02824592 -0.05204811 0.1422086 0.2136285 0.1019413 -0.1411332 -0.1422171 0.1049425 0.1129926 -0.3047247
-0.03398092 -0.09523775 -0.2352804 0.1883106 -0.1219077 -0.364476 0.1262398 -0.03301692 0.2706589 -0.09722764 -0.1011335 -0.0903449 -0.05143015 -0.328315 0.1057405 -0.03790075 -0.3064348 -0.1712945 0.3172053 -0.09463299 0.125659 0.0362635 -0.04939855 0.07564152 -0.1942756 0.09568538 0.2538508 0.2531279 0.2600373 -0.09463418
-0.01132266 -0.193098 0.03247287 0.1019533 -0.2491156 -0.1534156 0.09365131 -0.2272503 -0.03284955 -0.1321038 -0.2454355 0.2086367 -0.1779164 -0.03162666 0.01210903 0.2989398 -0.07735491 0.2225708 -0.06034761 0.1075394 -0.1302832 0.3505939 -0.153048 -0.2080481 -0.03167646 -0.4203573 -0.1813349 0.1574764 -0.1882778 0.1118232
-0.1465257 0.2081776 -0.1386089 0.1143653 0.3068276 -0.0426569 0.06411299 0.1562908 -0.04389594 -0.3043738 -0.09703263 0.3883138 -0.07769155 0.1705719 -0.2894209 0.3218866 0.07717297 0.004146224 0.06888856 -0.06642256 -0.0654707 -0.153019 -0.1709297 -0.2457813 -0.05704435 0.198769 0.1434008 -0.02499245 0.2402379 0.2167904
0.1140099 0.06516629 0.3623607 -0.2341049 0.06355966 0.039001 0.4404346 0.0170931 -0.04943757 -0.08410629 -0.01493585 0.0811638 0.2358351 -0.1666647 0.1641349 0.0978679 0.0492598 -0.1047064 -0.06802213 -0.3831089 0.09899488 0.2167957 -0.1018048 -0.002366909 -0.1394967 -0.1395412 -0.09293809 -0.257576 0.3251907 -0.09457383
-0.1795878 0.03370889 0.2783991 -0.3658566 0.09392956 -0.1001333 0.03926249 -0.3433535 0.1535726 -0.05625428 0.1706009 -0.2096456 -0.05885092 0.1662081 -0.2623584 -0.03004569 -0.1634571 -0.2005586 0.1787876 0.1952906 -0.2429084 0.2926863 0.0139727 0.07527266 0.04497048 0.09894962 0.1232619 -0.02414905 0.05953413 0.3124632
