-0.4457978 -0.18224 0.04983569 0.02511525 0.02757173 0.06602838 0.3772856 0.3802947 0.3383615 0.4224512 -0.1780171 0.384976
-0.0510667 0.3255404 -0.5524179 0.4346956 0.524018 0.2153494 -0.07513587 0.05799578 0.04916074 0.1342213 0.2162602 -0.01049257
-0.04732349 0.04871688 -0.1580578 0.4908366 -0.4412859 -0.6748506 0.04191426 0.07674451 0.003334628 0.01610072 0.2537202 0.083887
0.1178591 -0.598795 -0.4125373 0.1688493 0.1194547 -0.1599342 -0.08406013 0.0009427738 -0.0397058 -0.05735284 -0.5876496 -0.1781668
-0.0106448 -0.2584102 -0.09467199 -0.3681323 0.3337657 -0.3681671 0.09167125 -0.1835826 0.5333754 -0.02764288 0.4089469 -0.2169862
-0.06521031 0.4425312 0.07337347 -0.214093 0.1707628 -0.3708071 -0.4481592 0.4392768 0.2029484 -0.1007173 -0.3675174 -0.04271589
0.05367196 0.03505427 -0.6073838 -0.5790772 -0.1919689 -0.05220668 0.01280493 0.1220605 -0.3085059 0.05074114 0.1170652 0.3543302
-0.06639988 -0.2854211 0.3152575 0.05090975 0.5133027 -0.275583 -0.1875716 0.05547498 -0.4947616 0.01363621 0.1905308 0.3913868
-0.1413431 -0.3734238 -0.02838753 0.06549437 -0.2621476 0.3221265 -0.6694868 0.2480601 0.2125431 -0.04583178 0.3222608 0.04605479
-0.1173349 0.1186697 -0.03782705 0.02379293 -0.04185686 -0.05454376 -0.3212122 -0.7082025 0.2453469 0.136745 -0.2342643 0.4763652
0.1040043 0.009814852 0.06364323 -0.09512036 -0.05712697 -0.09143998 -0.2152775 -0.06240577 -0.1797014 0.8647062 0.02140791 -0.3655914
0.8522375 -0.03091055 0.09080497 0.08829131 0.0318475 0.03800631 0.02925143 0.1857412 0.2796471 0.1333635 0.01823626 0.3500856
