0.1164097 0.02417734 0.2682135 0.1367839 0.2141362 -0.2510546 -0.1324271 -0.01992964 0.1507407 -0.01728025 -0.1295193 -0.1952024 0.2280389 0.2373866 0.1543121 0.2395015 -0.1979634 -0.2863777 -0.2902314 -0.3325619 -0.1297467 -0.1211852 -0.1302257 -0.1157288 -0.04816081 0.1404896 -0.06454816 0.01437882 -0.08647219 -0.1141727 0.1462178 0.1722901 -0.03767202 -0.1148335 0.005623265 -0.1020878
-0.06511919 -0.1237284 0.0617553 0.1124014 -0.04637457 0.05635548 -0.09724076 0.02248477 -0.1230105 0.02132313 0.08508358 0.05988803 0.1854703 0.1625825 0.1428312 0.1521499 0.2367607 0.2369973 0.2693925 0.1721615 -0.2807821 -0.3655101 -0.3418122 -0.334134 0.1171547 0.0938312 -0.05230817 0.03163131 -0.04208878 0.1251142 0.00377232 -0.1631876 -0.04732398 -0.2169839 -0.03391496 0.2043536
0.4297971 0.08514581 0.05817973 0.04273462 0.0470825 -0.01680242 -0.00879554 0.03371524 -0.02209714 -0.01765226 0.1262299 0.1819412 -0.1661299 -0.272124 -0.252191 -0.1244771 -0.08520808 -0.007239674 -0.04229161 0.05523859 -0.2470676 -0.1061865 -0.2016164 0.007247257 -0.08998833 -0.1638778 -0.3762541 0.001468159 0.007998364 -0.2798007 0.0004986329 -0.07160562 0.1057307 -0.1831293 -0.3427232 -0.1454937
-0.1865254 -0.372291 -0.2382041 -0.2686543 -0.07168158 0.09704464 0.01063938 -0.08431183 -0.2589778 -0.06208141 0.2012184 -0.04425801 0.1667466 -0.1453484 -0.220251 -0.05652217 -0.3067516 -0.1459129 -0.12375 -0.2384616 -0.1438272 -0.1781974 -0.2101961 -0.0160644 -0.1050662 -0.08620645 0.0006239667 0.2589915 0.04148461 0.1110543 -0.01580559 0.1975821 0.07310158 0.1083891 0.04642337 0.1390086
0.03342849 0.06496986 0.01414362 0.03198818 0.1340534 -0.1001065 0.1377387 0.3622991 -0.02977174 -0.2893903 0.07776919 0.2737 -0.03299083 0.1573627 0.1438444 0.2439155 0.01986889 -0.05546622 -0.002999418 -0.004587425 0.1047574 0.04622629 0.05517394 0.205111 -0.08009173 -0.0236735 -0.03008464 0.2557474 -0.1905323 0.1954759 -0.22863 0.1208427 0.3450434 -0.02911076 -0.2423172 0.2975933
-0.09054607 0.1270635 0.1232738 0.2973933 -0.2527963 0.2825313 0.2254566 -0.2203298 -0.2520676 -0.198603 0.05434097 0.0965235 0.03365666 0.04750776 0.2072582 0.05755907 0.0815142 -0.1586745 -0.1565956 0.01149282 0.09569621 -0.05779971 -0.01640886 -0.05558683 -0.3260226 -0.07880093 0.08772776 0.06894828 0.3073544 -0.25176 -0.08529392 -0.04839833 0.1731736 -0.1740038 0.1705382 -0.09949891
0.1585775 -0.1695028 -0.1497505 -0.2134681 -0.1538334 0.1729666 -0.08230426 0.03910085 0.1217652 0.3188213 0.2812962 0.05293182 0.2563208 0.1077964 0.09257444 0.3113041 0.2293562 -0.09554748 -0.05588511 0.01947636 0.01311429 0.09358979 0.01834611 0.05636544 -0.09847849 0.150725 -0.1804531 -0.3242211 0.08210048 -0.05471329 -0.2813883 0.1327255 0.1345875 0.1368081 -0.0751527 -0.1955819
-0.02788108 0.152672 -0.1746719 -0.04556211 0.04433659 0.1755723 -0.3551449 0.2101294 -0.0620295 -0.1970207 -0.2593448 0.08521529 0.1120605 -0.08842133 -0.1168392 -0.01960916 0.009248867 -0.1413412 -0.06274788 0.04340101 -0.04556376 0.01244674 0.0695153 -0.2392988 0.309703 -0.2409225 -0.01579654 -0.2258883 -0.0921338 -0.08289588 -0.1675149 0.1699389 0.2666195 -0.1935595 0.3351146 -0.007518652
0.08571453 0.04598728 0.1102644 0.09267521 0.1120464 0.1269896 0.279164 -0.19452 -0.1847744 0.2115903 0.02216449 -0.1079373 -0.1240969 -0.03595586 0.2477674 0.03648101 -0.04222316 -0.01626149 -0.03592584 -0.0929088 -0.1344805 0.03244534 -0.1785948 -0.03018226 0.198979 -0.4322304 0.1926623 -0.1594236 -0.3849836 0.04607408 -0.3066126 0.08846991 -0.07415018 0.1964152 -0.07013456 -0.02896689
-0.1612031 0.3210072 0.1149335 -0.093758 0.2316365 0.1371302 -0.2050229 -0.1286231 -0.4086328 0.1897979 0.2389926 0.2967336 0.0130508 0.1847069 -0.103888 0.01716863 -0.0978032 -0.0553822 -0.07920337 -0.1549227 0.1437635 0.08197253 0.1134394 -0.04440714 0.2824416 0.202589 -0.1278878 0.1191368 0.0198331 -0.1186106 -0.05688559 -0.1669723 -0.1688896 0.04600227 -0.0979652 0.04548168
0.06382759 -0.07991242 -0.07995781 -0.09385676 -0.03838178 0.155537 0.1269938 0.4249311 -0.2712043 0.2643531 -0.2466593 0.07929821 -0.1270593 0.09148426 0.1367629 -0.08354328 -0.01414929 -0.0532564 -0.07352896 0.06612751 0.009622768 -0.2544581 -0.07638356 0.1646345 0.1737485 0.1594959 0.3207029 -0.001853309 0.1174262 -0.1549168 0.2661997 0.19944 0.02486886 -0.06559708 -0.1856244 -0.1853008
0.06607108 -0.01524185 0.1156243 -0.03950021 -0.3858627 0.130847 -0.2260968 -0.1822023 -0.02326405 0.1852322 -0.06320644 0.08200436 -0.04976023 0.06033275 0.1461285 0.01261187 -0.05332936 0.1755898 0.03719998 -0.02325427 0.02494715 0.1107549 -0.01348494 0.1746099 0.00183799 0.0001433635 -0.1821847 0.2730772 -0.469694 -0.03612635 0.3336662 0.04678044 0.3077904 0.001893546 0.189506 -0.06267522
0.09851211 -0.04861161 0.1091396 -0.1219463 0.06944578 0.2121175 0.1789351 0.05974547 -0.007700534 0.1645971 -0.2009538 -0.2478889 0.2928132 -0.06610701 -0.1098094 0.2674355 0.1171162 -0.04738882 -0.0008877267 0.1016338 0.1793885 0.06171443 0.05228997 0.2161827 0.1143472 -0.3272666 -0.236773 0.2012505 0.1151789 -0.1562045 0.1120396 -0.05115155 -0.2157945 -0.183485 0.02812288 0.3327482
-0.05808195 0.07382078 0.0386992 0.3463791 -0.1310327 -0.07739443 0.1665596 -0.1376216 -0.01365078 0.08785027 0.223114 0.1376827 0.1613584 -0.2089044 -0.07058514 -0.08175281 0.006589737 0.03448415 -0.03678795 -0.06514982 0.02537178 -0.0353109 0.1216812 0.1872647 0.2531239 0.07857499 -0.1040488 -0.2432583 0.0459404 0.3113517 0.1615873 0.4574039 -0.04478826 -0.3127082 -0.02383196 0.09107346
-0.1244928 0.3279928 0.2267798 0.1179126 -0.2563248 0.05785317 0.0107543 0.3002853 -0.1310411 0.2314227 -0.2057971 -0.1841854 0.03124474 -0.08026869 -0.08691095 -0.1025332 -0.1944673 -0.1816417 -0.003770996 0.188239 -0.09381736 0.04636397 -0.1436748 -0.08699638 -0.2175235 0.1558855 -0.2670713 -0.06725174 0.03608034 0.267243 -0.128773 0.01916773 0.002987122 0.2781592 0.008031149 0.1405637
0.1058536 0.01497485 0.02897106 -0.1199845 -0.1765077 0.2622774 -0.1521976 0.1772313 0.01102248 -0.1747056 0.1432281 0.03095585 -0.05158236 0.1037822 0.01525813 -0.1416066 -0.01648264 -0.08410945 -0.1122542 -0.09190266 -0.1793393 0.09573032 0.009091137 0.2245782 -0.2705553 0.0740151 0.1724435 -0.2071606 -0.293845 0.001291869 -0.04676756 -0.07701944 -0.475155 -0.3069091 0.05706972 0.2091075
0.002448493 0.2743425 -0.258407 -0.293291 0.2427592 -0.09795202 0.2462639 -0.0493723 -0.08386792 0.2451076 0.108555 -0.04760579 -0.08807944 -0.07304538 0.1756658 0.05246377 0.02234361 -0.1107504 0.003372028 -0.02156443 -0.2310654 0.1527299 0.06190577 -0.1599832 -0.2183149 0.01813589 0.01617593 -0.1507829 0.002384161 0.1008019 0.3365149 -0.1392141 0.2544018 -0.2337334 0.1482045 0.1948859
0.1726838 -0.2625638 -0.3001263 0.3444573 -0.01479866 0.03140036 -0.1428813 -0.1437493 0.04376911 0.1704167 -0.2529575 0.2050848 -0.01014869 -0.1400517 0.1281238 -0.01797665 -0.0212745 -0.2868376 -0.2868184 0.003838049 0.003626809 0.07391568 -0.03570724 0.07744675 0.1233443 0.0996777 0.02392677 0.03276448 0.03942265 0.2149101 -0.03989756 -0.4248523 0.02418749 0.008164437 -0.06488978 0.1937049
-0.006567734 -0.00727733 0.06208024 -0.2110689 -0.3298602 -0.3001481 0.3545253 0.06939206 -0.06345644 -0.0708911 -0.2127272 0.4437244 0.30029 0.05140044 -0.1309839 0.02854532 0.1135833 -0.0815215 -0.0659445 -0.1020774 -0.1185602 0.142505 0.0557626 -0.1977938 0.05891363 -0.1259536 -0.001999739 0.0110427 -0.1111964 0.06652901 0.0702619 -0.1525391 -0.1909087 0.04924808 0.003166103 -0.2141633
-0.05331519 0.01564966 0.1985765 -0.0411327 -0.252659 -0.1040318 -0.2978738 0.1931621 0.01627198 -0.0643977 0.3437087 -0.15867 0.01315503 0.00221808 0.2382811 -0.05523225 0.03647447 -0.08588883 -0.1345608 -0.01393034 -0.1651326 0.1825148 0.07149278 -0.01422015 0.2278688 -0.3842329 0.1289314 0.0230551 0.3086011 0.09208405 0.2240102 -0.1387844 0.08460268 0.08917623 -0.2201507 0.03178847
-0.07596452 0.1798302 -0.2345243 0.1971889 -0.06866473 -0.1136275 -0.2338019 -0.07654206 0.05170154 0.1881725 -0.1728632 0.2416483 0.08853149 -0.02043979 0.01841882 0.1180235 0.00764671 0.12503 0.1787719 -0.1236321 -0.2599705 -0.01143555 0.1507605 0.01788119 -0.253825 -0.1784431 0.1610079 0.03637913 0.1011988 -0.3181871 0.02731032 0.2655998 -0.1347985 0.2245943 -0.1528146 0.2983645
0.03411618 0.139427 0.04362109 -0.05030536 -0.09596224 0.002131029 0.05042774 0.1306879 0.3484703 0.3195794 0.1106464 0.0839112 -0.2166014 -0.106305 -0.01854592 0.1039713 -0.04879225 0.1055054 -0.1589986 -0.0662249 -0.1844123 -0.06093741 0.0450096 -0.07874703 0.1068064 0.02608158 0.1354874 0.4637856 0.1609439 0.08480899 -0.3338495 0.04986382 -0.09570045 -0.221378 0.2936427 -0.08838261
0.003224612 -0.2288654 0.3158025 -0.1350252 0.02424078 0.2703007 0.05891693 -0.1415382 0.02949503 -0.1374917 -0.211882 0.1489032 -0.1433582 -0.05674187 0.04983733 0.3042526 -0.4208162 0.07313252 0.2061314 0.01988974 -0.3211753 0.1361271 0.2501445 0.003659647 0.09365973 0.1258404 0.002928027 -0.175783 0.2105128 0.08226762 0.0002174277 -0.009346263 0.06592744 -0.0263488 -0.06991464 0.02494014
0.3077286 0.2216511 -0.1344869 -0.04099556 -0.1859252 -0.3131108 -0.02247496 -0.08449605 -0.3093125 -0.1148431 0.03318976 -0.2252619 0.1436995 0.008005507 -0.07150174 0.2309307 -0.1887062 0.2058813 -0.0847878 0.1220513 -0.116051 -0.2701555 0.1598641 0.3228767 0.1075285 0.0854999 0.1382306 -0.07862987 0.02418198 0.0005319211 -0.1436593 -0.2016055 0.0537918 0.06145577 0.1650513 -0.003007335
-0.1177725 0.1236882 -0.1673995 -0.008795366 -0.04342304 0.06211324 -0.05878966 -0.0683771 0.07937997 0.1634818 -0.1443845 -0.1180833 0.289265 0.2404258 -0.02763897 -0.155619 -0.3269675 0.1542486 0.1598865 -0.08565132 0.1270486 0.07549802 -0.005079232 0.02777125 -0.1285453 -0.1790043 0.09680769 0.02342052 0.02409056 0.181252 -0.1785028 -0.1410456 0.1215041 -0.402008 -0.363274 -0.2373205
-0.1499453 0.2760322 -0.1784355 0.1623022 -0.03723188 0.3370064 0.04709861 0.09494883 0.2140985 -0.1319371 0.1036813 -0.02785542 -0.02414793 -0.1598112 -0.2811242 0.4808562 -0.009556207 -0.001197256 -0.03745888 -0.1226161 0.03807544 -0.09964738 -0.1419744 -0.005280044 0.03061898 -0.01245807 0.1568487 -0.03184941 -0.1444211 0.1188889 0.29941 -0.1712995 -0.02351842 0.1508286 -0.125468 -0.1948618
-0.09412695 0.01586723 -0.07654834 0.09112962 0.01972393 0.12578 0.1200394 -0.03005401 -0.0542806 -0.1265316 -0.02562001 -0.3032613 0.244015 -0.1785587 -0.01877923 -0.119222 0.2067707 0.04791723 -0.1253027 0.09213302 -0.3721979 0.316132 0.1812021 -0.0656225 0.1401539 0.3564638 0.08615702 0.2604319 -0.1809016 -0.2011728 -0.0942909 0.05045137 0.09128677 -0.02204005 -0.2544584 -0.05118709
-0.1266596 0.1539397 -0.2556627 -0.02214463 -0.002398124 0.1501785 0.249962 -0.06095438 0.3420686 -0.1486972 0.0407826 0.08335515 0.05065067 0.4104253 0.150727 -0.2240316 -0.1990618 0.03217979 -0.1624319 0.1815037 -0.2232811 -0.1027507 -0.1038276 0.1747841 0.2388699 -0.04109523 -0.2846078 -0.03273053 0.07707546 -0.1299311 0.06066485 -0.004368109 -0.02783835 0.1816959 0.07441173 0.07480174
0.2491127 0.03633348 0.1041497 0.03272435 0.2023999 0.134366 -0.09823765 -0.2066338 -0.07594782 0.01793137 -0.07035816 0.04281043 -0.004010236 0.3967571 -0.3983021 -0.05118088 0.268382 -0.05092556 -0.09700726 0.1999768 -0.2335229 0.1067075 -0.02967019 0.09759519 -0.1203522 -0.1147239 0.1839644 0.1193742 0.1327725 0.3529965 0.104865 0.1716149 0.06769032 0.08713831 0.05528224 -0.08812365
0.02849702 0.1786148 -0.2004449 -0.1941524 0.09736644 0.03306047 -0.1878863 -0.1304684 -0.1360901 -0.2216089 -0.1505466 0.03774038 -0.008272628 -0.23553 0.4391719 0.1116196 0.05742953 0.02728195 -0.04745271 0.1676934 0.007515239 0.01312975 -0.07223603 0.03916491 -0.08305953 -0.02803437 -0.2194011 0.1829866 0.08846937 0.2827515 0.02137061 0.2106765 -0.3439081 -0.006743857 -0.08499721 -0.2916512
0.04067091 -0.1055314 -0.2950871 0.1481217 -0.2239612 -0.1261898 0.05387097 0.05404216 -0.2158705 -0.05561311 -0.04607342 -0.186156 -0.3929294 0.2946827 -0.1255418 0.2445249 -0.05109077 0.1761919 -0.0876998 -0.09326605 0.04569256 0.409461 -0.1786101 -0.1964021 0.09503232 0.01528652 -0.1794298 -0.03263714 0.1041849 -0.04787836 -0.002724048 0.1448087 -0.1204457 -0.1345034 -0.03137904 0.05036095
0.170688 0.2331238 0.07099106 -0.3553918 -0.2670998 0.09423113 0.01285254 -0.2956318 0.159694 -0.1097225 -0.2164081 -0.07874379 -0.1314033 -0.009497786 -0.02111609 -0.0887774 0.2069393 0.03041284 -0.1527191 -0.2542385 0.1708102 -0.2011061 -0.07080339 -0.1649116 0.1167181 0.1391441 0.07345869 -0.05752285 0.08805352 0.06548983 -0.06689701 0.08946497 0.117057 0.01544516 -0.2913889 0.3202109
-0.4826345 -0.06935194 0.1713572 -0.1370793 0.08072435 -0.1808258 -0.09986774 -0.08974985 0.01566253 0.08232659 -0.1207877 0.1012231 -0.0707135 -0.0991997 -0.0931321 0.1375448 0.0643729 0.2678556 -0.5099207 0.261615 -0.02939346 0.02354662 -0.2098937 0.1899967 -0.1065911 -0.04975404 0.04860236 -0.1895619 -0.04500893 -0.08410999 -0.05873864 -0.02634225 0.08312899 -0.1223207 -0.08998562 0.03595951
-0.1754761 -0.1194487 -0.07828811 0.02298148 -0.1080353 -0.0117408 -0.001265874 -0.06490969 -0.02954805 0.07622892 0.01561617 -0.1310083 -0.2584309 0.1615263 -0.07028879 0.07666532 0.04981725 -0.2245142 -0.1273543 0.1885759 -0.04683605 -0.3925196 0.584301 -0.1899909 -0.07829079 -0.14498 -0.1901185 0.02887411 -0.2161899 0.05753338 0.004496776 0.009817471 -0.07426774 -0.07557341 -0.1924904 -0.05884491
0.2955862 -0.06352341 0.01438668 0.06637493 0.09640011 0.1671338 0.0440088 0.1286232 0.00500766 0.01448171 0.1064799 0.08191965 0.2075268 -0.02864097 0.06636972 -0.06437993 -0.2466207 0.4438851 -0.3869746 0.1587441 0.2152156 0.01558862 0.1824996 -0.4226775 -0.1453049 -0.03033293 0.07266372 -0.01609773 -0.04259057 0.05030349 0.132718 0.06513628 -0.04489413 0.1342964 -0.005954162 0.1111946
0.07436351 0.0583516 -0.01405809 -0.09197418 -0.1331968 -0.1345702 -0.02649179 -0.2015604 0.1233448 0.003083011 0.1573633 0.06590413 0.03137358 -0.009413778 -0.05143327 0.1185165 -0.2636686 -0.3713907 0.1296502 0.5664991 0.1811443 0.1212977 -0.1790384 -0.1540479 0.08962418 0.07026224 0.2933163 0.08093576 -0.1094929 -0.1487519 0.02830545 0.1563899 -0.06660466 -0.08709585 -0.09040759 0.09754882
