-0.4317843 -0.01449885 -0.1433236 -0.04311611 0.04231666 0.1093703 0.07281093 0.06590046 0.3475959 0.3800472 0.3768385 0.4047524 -0.1982825 0.396419
0.07792556 -0.5050342 -0.5273796 -0.5162101 0.08405847 0.2636985 0.05569735 0.2370236 -0.04026958 -0.04840121 -0.1039722 -0.08039977 -0.1481674 -0.123242
-0.005582181 -0.09053925 0.04778528 0.06569729 0.6739728 -0.5528953 -0.1808608 0.3293791 -0.09567168 -0.03175201 0.09724427 -0.02992678 -0.252041 0.0004677182
-0.004357756 0.02516074 0.1114911 -0.2883623 -0.05233078 0.1284236 -0.8587994 -0.2396837 0.08773091 -0.1669988 0.1895738 -0.03743962 -0.1161631 0.05594561
-0.06553145 -0.1173421 -0.07114555 -0.1196726 0.5088119 -0.01972525 0.2043971 -0.7394896 0.2294894 -0.05027961 0.01849429 -0.05289179 0.2221969 -0.08334974
-0.03048069 -0.1740872 -0.1311394 0.04162249 -0.03382033 -0.1999033 -0.2375681 0.2881578 0.3246194 0.01751784 -0.01473087 0.1617727 0.7938602 -0.08348635
-0.007292538 -0.3111051 0.2149314 0.4816243 0.3542384 0.6342321 -0.1442693 0.1250733 -0.06949332 0.04870956 -0.1152438 -0.08601004 0.08742911 0.1590161
-0.07803599 -0.7394388 0.1669751 0.1702606 -0.3570455 -0.3602834 -0.0278629 -0.2565658 -0.1445652 0.1101746 0.009517976 -0.03496142 -0.08721634 0.1562886
-0.04408097 0.1620104 -0.6501681 0.3637826 -0.009727624 -0.05367553 -0.2665699 -0.2036138 -0.3532316 0.392445 0.01923372 -0.109535 0.03615851 -0.09379981
0.09419475 -0.05673046 -0.1808757 0.3863009 -0.08682052 -0.03830021 -0.09891263 -0.04651685 0.5773226 -0.1696606 -0.3237212 0.2141601 -0.4019813 -0.3326819
-0.04479024 0.07404561 0.2399103 -0.2839039 0.06661456 -0.05708242 -0.1299257 -0.01038176 0.09222669 0.6310196 -0.6474205 -0.05295741 -0.02909118 0.01314436
-0.138462 0.04505016 -0.1256247 -0.03641108 0.06739154 -0.03686239 -0.05893885 -0.1066315 -0.3580086 -0.3649028 -0.4448131 0.6120749 0.05575764 0.3225203
-0.0187428 0.1046117 -0.2443753 0.06044484 -0.04800461 -0.1209721 0.0153422 0.03432142 0.2794077 -0.2245736 -0.2236195 -0.5362519 0.003968071 0.663996
-0.8739156 0.01861539 0.04228021 0.006902372 -0.04743377 0.0176372 -0.01046655 0.0768805 -0.06415225 -0.2059314 -0.1251961 -0.2587609 -0.002926582 -0.3103955
