-0.1723586 0.3155454 0.314719 0.242842 0.1102038 0.4003543 0.2059405 0.2011701 0.4509993 0.3914417 -0.2238264 -0.07285703 0.2112002 -0.02747839
0.2176559 -0.0346613 -0.1779826 0.3814552 0.3900927 0.07174909 -0.0846075 0.2283078 -0.1363806 -0.199884 0.3154899 -0.457867 0.4293271 0.07472857
0.2600814 0.1816922 -0.1000592 0.184523 0.09120077 0.09567197 0.434275 -0.4794581 0.1572981 0.06627658 0.3972869 0.07423339 -0.2799444 0.3853413
0.01665327 0.08105813 -0.01999471 0.3551175 0.6142469 -0.07003184 0.0002804817 -0.1415435 -0.1559584 -0.1339174 -0.296748 0.4355501 -0.166678 -0.3414733
0.2288714 -0.0908902 0.03803916 -0.0005109393 0.04273934 0.2812618 -0.355584 0.1661088 -0.06362243 -0.02997936 -0.1964345 0.4514707 0.1248134 0.663329
0.6726134 -0.4379733 0.3469771 0.008554831 -0.1316069 0.2051919 0.2257133 -0.02109395 0.03133757 -0.08511673 -0.2020219 -0.09027502 -0.03180488 -0.2574643
0.2201195 0.01423979 -0.5450395 0.4425475 -0.3677724 -0.07314509 -0.09226708 0.3573191 0.2294589 0.1537913 -0.05145291 0.1102806 -0.2675413 -0.137625
-0.250582 -0.5424402 -0.3382219 -0.09923745 0.09228551 0.08646633 0.5004049 0.1131582 -0.02026877 0.1774741 0.0812114 0.3113715 0.3223034 -0.0136888
0.2357556 0.1019381 -0.2212495 -0.01055225 -0.04098486 -0.4440584 0.003669162 -0.4031005 0.08644143 0.2501183 -0.4517339 -0.107079 0.4757073 0.1083325
-0.07269472 -0.3770559 -0.05866447 0.07209603 0.1286217 0.2573934 -0.5153875 -0.3876809 0.03448764 0.5213413 0.1576297 -0.1257561 -0.1091369 -0.1401093
-0.3486336 -0.330459 0.2913707 0.5569561 -0.2825295 -0.1877353 -0.05916037 -0.2331681 0.2217656 -0.3439285 0.0001477452 0.04947223 0.1161712 0.1334528
0.209459 0.2293943 0.1585814 -0.03519911 -0.1772331 -0.05613377 -0.1735463 -0.05568536 0.09787394 0.03362734 0.5001215 0.4875848 0.435073 -0.3485361
0.1045195 -0.1931949 0.3533529 0.003425493 0.2726346 -0.6201076 0.003938317 0.3439974 0.1327128 0.364199 0.1918144 0.03314569 -0.1757383 0.1750418
-0.041903 0.1158004 0.1956126 0.3359058 -0.2887185 0.01020811 0.162046 0.01959065 -0.7653814 0.3671328 -0.002168124 0.01342428 0.03159028 0.04306011
