-0.1152774 0.1443874 -0.1466382 0.1882153 -0.1540833 0.1454173 -0.1565612 0.118276 -0.07045975 0.0992468 -0.02908679 -0.06338229 -0.1883513 0.08646506 0.08359491 -0.09590181 0.09103759 0.0774895 -0.1094942 -0.2567809 0.1516832 0.1179744 0.1611031 -0.1987831 -0.08087132 0.228767 0.05854877 0.1048581 -0.2277708 -0.1445107 0.08156059 0.1179391 0.1420095 0.06256886 0.08761768 0.09354106 0.1918148 -0.2101492 -0.1670037 5.953045e-05 0.2792074 -0.02719024 0.1300436 0.03893605 0.001448946 -0.2050645 -0.06681567 -0.002371394 0.2095072 0.2053185 -0.080027 -0.006501342
0.05327963 0.2042565 -0.1679038 0.05162577 -0.03194635 -0.2862928 0.1346195 -0.2003424 -0.1044215 0.1836635 -0.1320997 0.2902504 0.06624886 0.04185439 -0.1858774 -0.1171209 -0.119426 0.2307008 0.01897814 -0.04293535 0.2295286 -0.2104941 -0.1094953 -0.1269758 -0.07296338 -0.09438808 -0.0844769 0.07255288 0.08532404 -0.1675234 0.01966401 0.1505842 -0.1979278 -0.1165272 -0.1202759 -0.1646575 -0.07657943 -0.0215064 0.08539262 0.2178949 0.07444201 0.1948079 0.126377 -0.1039084 0.0247557 -0.05919499 0.03586409 -0.009242548 -0.09413271 0.2339428 -0.005912439 -0.08924725
0.1164065 -0.04128544 0.02896902 0.1467652 -0.01036814 0.1190486 0.04772622 0.06824386 -0.06195384 -0.1434595 -0.1990146 0.0002160439 -0.1939489 -0.2690542 0.06875366 0.02232078 -0.1823665 -0.2546956 0.06837544 0.08665772 -0.1138697 0.1949155 0.2217235 -0.2158445 -0.3433247 -0.008774412 -0.2352045 0.08963643 0.1914893 -0.1440162 0.08687018 -0.01041082 -0.09968297 -0.08166522 0.1343451 -0.006547331 -0.05726205 -0.05935643 0.0209845 0.1995761 -0.09087598 0.1958587 -0.2412956 -0.08617891 0.1008221 -0.03334348 0.1828312 0.008303912 0.08887177 0.04935241 0.08277022 0.0500663
-0.09576127 0.04522209 0.01896179 -0.1410875 0.1191114 0.01838781 0.1700846 0.1431659 0.3025549 0.2221902 0.07680308 -0.3043155 -0.03857793 0.2128902 0.2637959 -0.06195545 -0.2141313 -0.09064289 0.03932932 -0.02762079 -0.1456567 -0.1569892 -0.05483447 -0.1879974 -0.08132811 0.1497196 0.1548621 -0.1263994 0.2091827 -0.01800374 0.006708585 0.01382279 0.1455651 0.02850135 0.06879771 -0.1210625 -0.03916725 -0.03922022 0.1742854 0.08146116 -0.006102497 0.08879966 0.145342 -0.05927473 -0.2689829 -0.07292305 0.1822851 -0.03677382 -0.08585446 0.1442434 0.1082754 -0.157592
0.08183572 -0.1354213 0.1617896 -0.2330809 0.03836432 0.03720812 0.06055131 0.1735928 -0.2819538 0.1805901 0.1406743 0.06992408 0.07587111 -0.1821768 0.05527902 -0.3300079 -0.1575915 0.09606001 0.2294972 0.08009373 0.06760894 -0.07024812 -0.2490033 -0.05078424 0.005754541 0.1002693 -0.1119771 -0.05845441 -0.1784855 -0.06564295 0.05694675 -0.04979044 0.06498227 0.05731442 0.07670343 0.261387 0.1972986 0.1245315 -0.1001501 0.1481303 -0.01446095 -0.01525345 -0.07283527 -0.09740713 -0.1194576 0.1416907 0.04324949 0.2886712 0.1638159 0.071312 -0.009905171 -0.004515689
-0.2421307 0.2405534 -0.2102889 -0.02236612 -0.02663721 0.02921271 0.08906082 0.01404543 -0.05612433 -0.1181701 0.06264318 0.03987495 0.2656917 -0.1153884 -0.0162039 0.08807617 0.1956568 -0.04249436 -0.1541792 0.2209561 -0.1868018 0.1538848 -0.05564104 -0.05916934 -0.1865544 -0.1633853 -0.03468627 -0.1810023 -0.1711582 0.0815093 0.03466593 0.01911814 -0.0752694 0.1816346 0.05947572 0.03573997 0.2629293 -0.06419446 0.1989404 -0.01268601 0.08800853 0.1715028 -0.004002554 -0.1672565 -0.09963545 0.007121491 0.07503828 0.09616332 -0.02298152 -0.07843242 -0.1624662 -0.3523838
0.03194342 -0.03907876 -0.005351214 0.07452729 0.3259408 0.203123 0.1373273 -0.279956 0.1542973 -0.1180711 0.01721723 -0.05427913 0.1121476 0.004053817 -0.09948507 0.007732175 -0.1204336 0.1814899 -0.2808539 -0.01166866 0.1116766 0.2154688 0.06354757 0.2008419 0.09834474 0.0873828 -0.05684813 -0.1367607 0.02376491 -0.07517701 0.1556568 -0.01946608 0.07981925 -0.2411782 -0.1442255 -0.09363526 0.1056232 0.1557245 -0.2341736 0.002503138 0.06886811 0.1139725 -0.09093014 0.05497929 -0.2163805 -0.0487443 0.2154455 0.1351846 0.2090358 0.07903116 0.04750606 -0.06581311
-0.05821445 0.2295689 -0.2078058 0.1626759 -0.1823853 -0.1068477 0.03695091 0.20516 0.06870218 -0.02928524 -0.395875 0.002952331 -0.0004386701 -0.04275042 0.1426639 -0.01555466 -0.05370473 0.1300312 0.1798466 -0.03188139 -0.03318239 -0.162644 -0.1860701 0.1586624 0.005150422 0.07220187 -0.1311218 -0.2012138 0.009067798 0.1377206 0.0141014 -0.109183 -0.110632 -0.04028933 -0.01417922 0.04307244 0.03424687 -0.06585611 -0.121741 -0.1339036 -0.004782378 -0.03231209 -0.07438184 0.3660013 -0.1221443 0.124843 0.3014202 -0.07789551 0.1677222 -0.1175234 0.01645477 0.04930547
0.2731326 0.2305169 -0.2503204 0.00670859 0.2095138 -0.002449818 0.1887287 -0.08426811 0.002334742 -0.03877645 0.2174974 0.1570733 -0.06250451 -0.0338082 0.1757473 0.02018329 -0.1018241 0.05935127 0.007906968 0.02140459 0.03847109 0.1303874 0.004444097 -0.1627706 -0.08646433 0.06438003 0.1988932 -0.03152139 0.001344795 -0.09255496 -0.1475174 -0.3587447 0.1325435 0.1176297 -0.1657734 0.08037195 -0.04784735 -0.09077683 0.03024361 -0.04103207 0.1454854 0.03828668 0.0329767 -0.05783622 0.06893203 0.3255811 -0.01713887 -0.183798 0.06469145 -0.1125881 -0.1205036 0.2464686
-0.1835327 -0.01281185 -0.009704766 0.1264497 0.01097111 0.005409989 0.1762664 -0.1059955 -0.01234571 -0.01011152 0.01269079 0.02159665 -0.02307605 0.05516947 -0.1399382 -0.1933573 -0.06225839 -0.04403571 -0.1874184 -0.03758243 -0.1377939 -0.08325459 -0.05296001 0.1116858 -0.1715499 -0.2248267 -0.05925105 -0.0282664 0.0105603 -0.2854226 0.08176681 -0.2386039 0.008099979 0.1906476 0.2613152 0.009965944 0.01922256 0.1872311 0.07308771 -0.09516727 -0.1211622 -0.3155417 0.2720732 0.05094177 0.1707262 0.05060872 -0.007085329 -0.1236948 0.2603319 0.110895 0.2460433 0.0004723456
0.06737045 -0.0006360637 -0.03150016 0.1062172 0.04039687 -0.1926319 0.04441878 -0.06405111 -0.1269243 0.1164518 0.08147792 0.1233188 -0.1989239 0.149919 0.03839609 0.2906321 0.1415331 -0.09549734 0.0830823 -0.2080837 -0.02651104 -0.03865743 0.1391924 0.06176597 0.0926083 -0.03651737 -0.01259147 -0.09100673 -0.09066581 -0.1075641 -0.5062098 0.1668545 0.1069155 -0.006801711 0.1216667 0.08854851 0.1191801 0.2401074 0.1071846 -0.02935328 -0.017893 0.05999869 -0.2013076 -0.06104822 -0.07052167 0.05673012 0.2188172 0.07177213 0.1752642 0.0336713 0.186236 -0.1328192
-0.1375958 -0.05619685 0.05939481 0.1144639 0.2160643 0.07431611 0.02823204 0.1231618 -0.02556197 -0.1622629 0.08167443 0.08353219 -0.02435325 -0.1840431 -0.01527051 -0.0641013 -0.1935432 0.1500939 0.009142093 -0.08306557 0.1310785 0.02299007 0.01285452 0.06915613 0.06818443 0.01660962 0.1008977 -0.2456697 0.1976197 -0.06445692 -0.2922928 0.2658418 -0.2049007 0.06172908 0.3291297 -0.2286848 -0.08378289 -0.3082111 0.05566729 -0.01416273 0.03498139 -0.19067 0.05356983 -0.03251832 -0.03190357 0.05595204 -0.07014557 0.1540599 0.07474018 -0.1103212 -0.2103318 0.03506832
0.125411 -0.0595856 0.03589234 0.08618647 -0.06440293 -0.02574097 0.264604 0.04130027 0.03121516 0.0156102 -0.09426768 -0.04742859 0.009675562 0.126881 -0.1963652 0.06101201 -0.05726912 -0.1469259 -0.1801071 -0.268738 -0.1094342 0.03516479 -0.2408424 0.009661995 -0.132753 0.1123539 -0.2358139 0.3112938 -0.04896225 0.2372143 -0.03388373 0.08678781 0.09978566 0.1478835 -0.1250119 -0.1583326 -0.06823044 -0.02449253 0.07237053 0.06621115 -0.007869323 -0.2346279 -0.1027163 -0.1516378 -0.2009924 0.1517959 -0.03257597 0.05001146 0.1715651 -0.01244154 -0.317576 0.0141017
0.03520405 0.08201894 -0.01372441 -0.1590839 -0.286093 0.2337978 0.2151954 -0.08651074 -0.11108 -0.1389308 -0.01103394 -0.02227816 0.2638679 -0.1598345 0.1858808 -0.1850837 0.2158482 0.03327282 0.02639662 -0.0850008 0.01654528 0.05040454 0.03373947 0.04618668 0.1595896 0.0381804 0.01377066 0.2324401 0.1062751 -0.2124503 -0.1982523 -0.001051215 -0.08334421 0.2305219 -0.06428507 -0.1025505 -0.2403159 0.007461904 -0.0008731233 -0.01038304 0.1315504 -0.03832254 -0.1058297 -0.008298007 -0.2547316 -0.1803255 0.05414068 -0.03717772 0.003740446 -0.0597989 0.2703147 0.01833118
-0.2640121 0.1143655 -0.09429795 0.01892672 0.1535462 -0.09070439 0.1633915 0.01815457 -0.0883697 0.201053 0.1980149 -0.006440833 -0.06052379 -0.1344264 0.1000058 -0.1618511 -0.02647215 -0.09916372 0.0286894 -0.1437571 -0.1034201 0.05594876 0.1874702 0.07291678 0.00315664 0.1890538 -0.3037756 -0.002448874 0.04821555 0.3009525 -0.1305694 -0.11788 -0.0798486 -0.01568296 -0.2423337 -0.1306363 -0.02139752 0.09892173 -0.01340394 0.04148229 0.02622385 0.06727995 0.1443183 0.1245199 0.2659969 -0.2088124 -0.1457351 0.2273221 0.03006675 -0.1743691 0.1041124 0.003412013
0.06040715 -0.1208592 0.1685015 0.1051958 -0.0593413 0.05735865 0.143752 -0.1987576 -0.03779797 0.2242117 0.07454772 0.03713812 -0.06230367 0.02847617 0.1229777 0.005969442 0.01321146 0.07427477 -0.2758503 -0.03367312 -0.002116758 0.1013143 -0.1868327 -0.09772423 -0.04736701 0.2692298 -0.1947256 -0.1013921 -0.03416797 -0.02081779 -0.07891589 -0.07658383 -0.317284 -0.141932 0.2105413 0.3107121 -0.1179433 -0.07041326 0.03206497 -0.1611294 -0.04101296 0.0909095 -0.07577706 0.1464038 -0.08361467 -0.006010106 -0.1771616 -0.2443234 -0.1748017 -0.07461613 -0.03557265 -0.2058879
0.1486483 -0.109134 0.07232106 0.06561039 -0.08552018 -0.158743 -0.0231157 -0.0187611 0.118822 -0.1074923 0.1804398 0.0256614 0.04099014 0.112935 0.1502723 0.01800148 -0.08325527 0.1567533 0.05279687 0.03809817 0.09830693 0.119072 -0.03379274 -0.1394062 -0.1421322 -0.2187752 0.1018399 0.1097219 0.1201806 0.03169626 -0.07315903 -0.1339596 0.009787896 0.259407 -0.04694117 0.001577132 -0.07523466 0.06508418 -0.05671169 0.02014585 -0.07392174 -0.02956162 -0.1413695 0.4595431 0.1109474 -0.2253446 0.01922837 0.2426986 0.09332373 0.138558 -0.2255965 -0.3093045
-0.1319282 -0.1177479 0.1207245 0.04840855 -0.08665123 -0.1718538 -0.05825263 -0.0278888 -0.09678818 0.1336799 0.06855853 0.1115242 -0.08753937 0.1493104 0.1256842 0.1555816 0.180473 -0.07148914 -0.0602341 0.1230618 0.00315237 -0.08913355 -0.004381238 0.0537016 -0.04535751 0.0344289 -0.1128373 -0.2004476 0.1449912 -0.1249337 0.215851 -0.1172557 0.08005582 0.2074262 0.04419425 -0.2286533 -0.250957 -0.0635248 -0.4400831 0.138775 0.294883 0.01890583 -0.06926235 -0.152035 -0.01061708 0.1839438 0.01998656 0.06266442 0.01204207 -0.1602023 0.007319027 -0.1133484
-0.1514264 -0.01264841 0.0240542 -0.03987075 0.06665651 0.004479896 -0.1346867 0.04338304 -0.1038381 0.06300675 0.03533015 -0.06363479 -0.04366064 -0.1820836 -0.1272235 0.03425754 0.03179137 0.1309386 0.07180351 -0.03816936 -0.08006049 0.1229916 0.09116175 -0.02519297 0.05641373 0.1059246 0.02737398 -0.02934522 -0.04659557 0.02356492 -0.1202292 -0.1736408 -0.1188042 0.1131974 0.03644997 -0.1946578 0.09615791 0.3270787 -0.09202955 0.4013521 -0.02280885 -0.1499972 -0.0290788 0.0977392 -0.1182967 -0.03242456 0.14534 -0.4774342 -0.1539568 0.1301998 -0.2621713 -0.01852958
0.3016319 0.1246876 -0.283418 0.1605808 -0.07158319 0.02657642 -0.2064982 0.02769208 0.03749473 0.01886629 0.2004263 -0.1759404 0.1905566 -0.08574493 0.06501467 0.1905648 -0.006659207 0.07990235 -0.01006133 0.07703674 -0.2570749 0.03002621 -0.138956 -0.07765126 0.0667517 0.05658452 -0.2639554 -0.2468201 -0.03731934 -0.1741036 -0.03085284 0.180418 0.05911535 -0.05605382 -0.07974222 -0.02717404 -0.1324222 -0.01546733 -0.08633386 0.2084002 -0.2004886 -0.2464623 0.07200338 0.003522639 0.01168822 -0.02270466 -0.2122476 0.07374995 0.009776623 0.122404 0.1337529 0.01182027
-0.08665971 -0.0210254 -0.03049619 0.2658369 -0.1382759 -0.03642161 -0.07452122 0.1810578 0.1573312 0.05240665 0.137059 -0.02450871 0.09304192 -0.1557283 0.1816047 -0.1931806 0.02975396 0.1624393 0.08301834 0.004214483 0.1116456 0.06235645 0.05508779 0.1064487 0.105717 0.02014035 -0.1386788 0.1514429 -0.003122552 -0.1073406 0.03991102 -0.08260455 0.2329666 -0.2677794 0.04277963 -0.1137702 -0.1774078 0.1819815 0.1742364 -0.2628066 -0.01037977 -0.025072 -0.09341151 -0.2918306 0.1707193 0.140955 0.1127903 -0.07762799 -0.0461006 0.04675162 -0.2066014 -0.2425366
-0.1580484 -0.1898104 0.1858649 0.3961004 -0.1221812 0.01424125 0.09561609 0.1331025 0.03524295 -0.1041846 -0.02944389 0.05459339 0.1789617 -0.1637258 -0.1278679 0.08608455 -0.1176252 -0.09638697 0.001577075 0.1635069 0.1440404 -0.09174461 -0.1521564 -0.1732404 -0.1165254 0.08576514 0.1139499 -0.2161728 0.06161465 0.1084554 -0.2103948 0.006811008 0.1501419 0.0435653 -0.2765828 0.04697512 0.06674402 0.1590108 0.007880365 -0.06004133 0.2484858 0.03941103 -0.03329838 -0.03701742 -0.02265022 -0.09385681 -0.1922767 -0.1271617 0.007894717 0.1558685 0.1922311 0.09060846
-0.06246378 0.03089348 -0.103855 -0.08349467 0.005509455 -0.03006549 -0.0003171899 0.1873327 0.06628571 -0.2184017 0.02296732 0.03604613 -0.00753381 0.07557039 0.01050597 0.1376913 0.09381812 -0.03411302 0.08812816 -0.2540634 0.01379803 -0.1583215 0.01175394 0.1086573 -0.1326558 -0.003756849 0.1321065 -0.1022949 0.08100265 -0.1022858 0.09435623 -0.2997895 -0.236507 -0.2896865 -0.004631955 0.2377093 -0.1726245 0.1909782 0.06425041 0.1647886 0.06640085 -0.03451676 -0.05485135 -0.2033459 -0.1798287 -0.2316888 -0.2775746 0.1000574 0.1982393 -0.02696675 -0.1563267 -0.01886742
0.2382555 -0.03330035 0.006610639 0.1070459 0.09711691 0.05308893 -0.1752799 -0.1649511 -0.1574014 0.108211 -0.07464226 -0.01253229 -0.215619 -0.1684665 0.09823682 0.1952692 -0.1882507 0.03980441 0.129903 0.1669083 -0.1983405 -0.1358127 0.001175764 0.07994314 0.06777161 0.01869013 -0.02492712 0.1308257 0.05176254 0.007026336 0.1056252 -0.118604 -0.2016536 0.1250622 -0.06580378 -0.1063132 0.1295715 0.08585209 0.1330493 -0.3459448 0.3078793 -0.1674456 0.1508688 -0.1335405 -0.1806621 -0.212166 0.009476892 0.0940603 0.004109674 0.05135596 -0.05925607 -0.09672718
0.1125244 -0.068086 0.1390051 0.01770253 -0.2012555 -0.0450675 -0.130661 0.07653942 -0.01126948 -0.03836091 0.08028619 -0.007735328 0.09018522 -0.0476511 0.0649654 0.04045861 -0.04884626 0.01221451 -0.2507888 0.01862288 -0.07519093 0.07689672 0.003340742 -0.0388342 -0.1038504 -0.01024979 0.1556425 0.130518 -0.08754539 0.0948704 -0.07860696 0.06702955 -0.1301055 -0.2840874 0.03328282 0.05204719 -0.1148796 0.1455564 0.1204102 0.2492236 0.3260614 -0.0697071 0.406023 0.1352812 0.03950946 0.191549 0.3113118 0.1535879 0.03520437 -0.1999197 0.08729077 0.02297551
0.06407057 0.1703744 0.01013202 -0.06837019 -0.1462676 0.011575 0.3256288 -0.07510416 -0.2252545 -0.0248083 0.05590719 -0.1271673 0.1492614 0.0194589 0.1535863 0.09674053 -0.238388 -0.1991017 0.07636586 -0.05404671 0.009859435 -0.02691974 0.09246479 0.005519498 0.1471219 -0.2394656 0.08074177 0.01845242 0.08989362 0.1878218 0.03777549 0.0320101 0.0233712 -0.3157078 0.1704369 -0.02566146 0.2022593 -0.05255978 -0.2699559 0.02415583 0.1812211 -0.2209496 -0.08789413 0.005626926 0.1444211 0.06077415 -0.1377644 -0.1508028 -0.03683794 0.1307728 -0.02517099 -0.1857706
-0.1341135 -0.06377783 0.08946301 -0.1380589 -0.1295805 0.01502895 0.1257845 -0.07963349 -0.306416 0.03916256 -0.0524021 -0.1249773 0.02319677 -0.00074357 -0.1259841 0.2109335 -0.2032835 0.1425877 0.2470702 -0.001613195 -0.02634979 0.1395755 0.2089356 0.08656504 -0.09989317 0.03721565 -0.003191274 -0.1252015 0.01099314 -0.1675623 0.1132524 0.197219 0.2286898 0.01180242 -0.2328222 0.1451507 -0.247043 -0.03841926 0.1506278 -0.07213279 -0.07724082 0.06835458 0.2216437 0.1262203 -0.05027438 0.03636989 -0.04446976 -0.1611642 0.1937659 -0.1648465 -0.1496463 -0.152618
-0.05564027 0.02735109 0.2943845 0.04882907 -0.0300016 -0.05436689 0.2362307 -0.08384612 0.1945917 0.02132696 0.1156409 0.1431942 -0.2365403 -0.1339591 0.2292156 -0.04350293 0.1536183 0.04376392 0.06685723 0.06365377 -0.2619555 -0.003718974 -0.194065 0.1087397 -0.007927163 -0.2900595 -0.02392953 -0.04878518 -0.2125949 -0.1401042 -0.0134968 0.1569478 0.0941038 -0.1730616 -0.1468841 -0.008138087 0.04945854 -0.1513806 -0.05770029 0.1000911 0.02102712 -0.01336622 0.04484595 -0.01529128 -0.008714229 -0.3048501 0.08042593 -0.1191805 0.0466504 -0.02738389 -0.1956547 0.232453
-0.02378918 -0.02490643 -0.1303226 0.08638913 -0.1270544 0.1861383 0.02867552 0.1317109 0.1172588 0.1319042 -0.05902551 0.1538951 -0.3453614 -0.1651245 0.0378092 -0.08656352 -0.1906942 -0.1342895 -0.188499 -0.1457681 0.09317697 0.03662419 0.06932797 0.09326379 0.1769156 -0.2458633 0.128112 -0.09248798 -0.03069858 -0.1115226 0.1159179 0.05883371 -0.03791461 0.1238374 -0.321816 0.1130033 0.03788079 0.04286541 0.05558316 0.1688655 -0.06144117 -0.1268813 -0.07729433 0.05315502 -0.1256029 0.1821763 -0.1041294 0.08531476 -0.2456764 -0.1199456 0.07785099 -0.2556915
0.2391938 0.1051125 0.02353828 -0.2966264 -0.1801234 -0.01925195 -0.08155628 -0.004150006 0.2208771 0.04381638 0.02417982 -0.006779059 -0.1322588 -0.06314213 -0.1564223 -0.1081328 -0.0467664 0.2037665 -0.002788029 -0.03591462 0.09330934 0.0211624 0.04343346 0.07666131 -0.364272 -0.04701093 -0.1560249 -0.1552806 0.04250976 0.02206123 -0.05010523 0.05793401 0.2102195 -0.04770884 0.1599031 -0.2165454 0.1947995 0.1422369 0.08587897 -0.04803611 0.2331792 -0.03336778 -0.156179 0.05683812 -0.040774 -0.07536277 -0.2323753 -0.09539412 -0.03280217 -0.2892313 0.1263033 -0.01641017
0.205534 -0.03034555 0.01917235 0.07682519 -0.2107111 -0.0204296 -0.006578101 0.0487388 -0.1387404 0.1571117 0.1532364 -0.006402172 0.0342414 -0.1675423 -0.2904143 -0.2415688 0.07779976 -0.04207437 -0.1898724 -0.1041023 -0.3959165 -0.2462727 0.2216177 -0.001919793 0.03091276 0.005488377 0.2872402 -0.1694511 0.0569876 0.02357217 0.0142474 -0.08673791 0.01797349 -0.0844632 -0.01096713 -0.14197 -0.05351646 -0.09302646 -0.05119181 -0.1528945 -0.07541738 0.2528433 -0.1203521 0.1132301 -0.07190887 0.0388178 0.005580005 0.0533908 0.1060764 0.1122572 -0.14998 0.02984986
0.07129578 0.04471971 0.05207813 -0.1324097 0.002941856 -0.05557185 -0.08154586 -0.02309487 0.1182037 -0.07492473 -0.08774782 -0.1123174 -0.08934612 -0.08252922 -0.1485116 -0.1049204 0.0803049 -0.1592026 -0.1462052 0.1616967 0.124038 -0.1271447 0.1174709 -0.06832192 0.368185 -0.1463528 -0.4012589 -0.08527838 0.2070649 0.01557604 -0.1961578 -0.1655848 0.1840828 0.02677923 0.02444649 0.2635831 -0.04993981 -0.1468428 0.123482 0.1227828 0.2104281 0.04038055 0.1584887 0.06219459 -0.06202767 -0.02004829 0.01101687 -0.0478388 0.1409391 0.1070847 -0.1897076 -0.05559002
-0.08570441 -0.1425486 0.006688917 -0.002483903 0.09620542 0.1216664 -0.04960318 -0.2287473 0.09469022 -0.3446835 0.1169968 0.1365483 -0.03454332 -0.05436742 -0.1387299 -0.05626498 0.1228044 0.07357442 0.2910072 -0.2962503 -0.2666842 -0.221137 -0.05131939 -0.0950789 -0.08653529 0.1699394 -0.09231593 0.04877612 0.05580772 -0.03140335 0.0322796 -0.02152197 0.1066877 -0.0786259 -0.09848475 0.09671644 0.09467821 -0.2097034 0.01386656 0.05155895 0.1746723 -0.1104156 -0.00879644 0.1116148 0.09757925 0.1843359 0.09748508 0.01016077 -0.2018449 0.0525598 0.1049168 -0.2720177
-0.1097708 -0.4257583 -0.5439654 0.09600859 -0.1587655 -0.03296695 0.2208143 -0.100508 0.01408471 0.0478324 0.2132379 -0.1041739 -0.1631688 -0.001446701 -0.1182761 0.0009645822 0.04993146 0.0372857 0.08065677 0.3136624 0.05808703 -0.07860521 -0.04370466 0.01129651 0.06490535 0.05533326 0.06580099 0.1821902 0.0931197 0.02068224 0.04229387 0.04336828 0.03441181 -0.1043705 0.1471169 0.03077939 0.1054449 -0.04312457 0.03968696 0.1306572 0.0245721 -0.01210667 -0.05129735 0.07450057 -0.09202444 -0.08436516 0.02166193 -0.008892679 0.05417212 -0.1870581 -0.0209539 0.09660005
-0.09722967 0.1161359 0.006399218 0.1139087 -0.002001934 -0.1336517 -0.2697053 -0.1242828 -0.06905666 0.001361922 0.2514245 0.2323893 0.1502194 -0.1733171 0.04976726 0.06073197 -0.2374692 -0.153984 -0.07073807 -0.07308032 0.1486641 -0.1194933 0.06221827 0.1830308 -0.1783109 -0.04061566 -0.04240493 0.1794973 -0.01838568 0.14079 -0.001151426 -0.1181087 0.2592857 -0.02191189 0.122526 0.09623337 -0.03446923 -0.2141746 -0.07893029 0.0351266 -0.2209468 -0.01411797 0.06181822 0.008183054 -0.3940794 -0.1479133 0.0769743 -0.08879295 -0.08265392 -0.07350685 0.09166404 0.02059192
-0.06894882 -0.005138227 0.06997484 0.06821307 -0.0582876 -0.08425299 -0.1227878 0.06212214 -0.1445685 0.03742084 0.2050105 0.08638188 0.08261882 0.3116235 -0.121817 -0.1184965 0.006589248 -0.2288269 0.1602243 -0.05984339 0.04523478 0.3238149 -0.04115397 -0.2250348 0.1331572 -0.1053178 -0.1421152 -0.1441781 0.05793405 -0.172856 0.1504121 -0.1317255 -0.1187591 -0.1876235 -0.1240837 -0.1935129 0.1366623 -0.1080894 0.2581916 -0.1175802 0.07703515 -0.1581665 -0.1108748 0.1504243 -0.2150969 -0.01546632 0.08754752 0.009064649 -0.0262083 -0.07310527 0.03841837 0.1645855
-0.01784348 0.2904901 0.236963 0.1681243 -0.1749209 0.1603972 0.1708731 0.09132805 0.2687215 0.11226 0.1048536 0.16214 0.004087858 0.06722584 -0.2677692 0.1847189 0.02167556 0.2086681 0.1831871 0.1074687 -0.06732679 0.01839525 0.1855303 -0.2069172 0.1500284 0.05659043 -0.03086371 0.1772309 0.1971926 -0.008204601 0.01257641 -0.06664836 -0.07216983 0.03264069 0.09412047 0.1117746 0.1631333 0.06776726 -0.196645 6.659481e-05 -0.1758343 -0.01234149 0.164548 -0.09652925 -0.09800455 0.0510733 -0.01604823 0.135302 0.004757074 -0.1889631 0.01372506 0.00699725
0.1935849 -0.07325293 -0.04971776 0.130855 -0.1303063 0.2883069 -0.04699847 -0.04485958 -0.1441921 -0.09575362 -0.06454636 0.2685577 0.01334567 0.3027373 0.2179506 -0.2108671 0.1256719 -0.1274866 0.07840635 0.04447994 -0.01680107 0.06142542 -0.01352294 0.2786976 -0.1042921 0.08561767 -0.04165786 -0.1306094 0.3212375 0.08895383 -0.06999981 0.08781162 0.09407397 0.007636289 0.0009826223 -0.02332865 0.2002082 0.1593428 0.0112784 0.09263575 -0.1210258 0.1269331 0.2989976 -0.01731784 -0.02234184 0.003559623 -0.05445022 -0.03756303 -0.08079678 0.05918399 -0.2031171 0.01124635
0.08306451 -0.01889225 -0.01074338 0.08396468 0.03827549 0.3746209 -0.0171862 0.02683632 0.08978162 0.3096122 0.1061663 -0.1681017 -0.01725071 0.03323196 -0.2157921 0.03725125 0.1433241 -0.06140205 0.3055263 0.03065127 0.1777432 0.09433335 -0.06289877 0.2543409 -0.2266235 -0.2528151 -0.01145955 -0.01272905 -0.1549041 0.1435013 -0.1727627 -0.1647633 -0.1588827 -0.04274535 -0.02369165 -0.04428078 -0.1890111 -0.2331745 -0.04631621 0.0457822 0.08654498 0.06836895 0.06883134 -0.01249831 -0.008084243 0.08238357 0.05606166 -0.006600426 0.04823707 0.1850278 0.09642766 -0.09044249
-0.1023308 0.3089906 0.02401766 -0.1743913 -0.06418708 -0.05136622 0.00927854 0.03683867 0.1160694 -0.1299241 0.2947002 0.1393782 -0.2099353 -0.02543905 -0.08560235 -0.0110271 -9.624103e-05 -0.2483845 0.0111732 0.3130924 0.04106787 0.01228398 -0.01201638 0.2197268 -0.06648623 0.2951323 0.02374411 0.09179461 0.01640268 -0.03481078 0.08128637 0.2690522 -0.1513701 -0.002430766 -0.03064858 0.02793545 -0.1361163 0.1209848 0.0222921 -0.1076994 0.07423153 -0.06724121 -0.09260692 0.188215 -0.03949938 0.1648758 -0.03126014 -0.02267471 0.08160878 0.3372181 -0.02046488 0.002068295
-0.003794345 -0.119185 0.02577929 -0.0964532 0.005748603 -0.2215718 0.1222967 0.07196437 0.002764924 -0.06017861 -0.3077528 0.1044896 -0.08216221 -0.07840131 0.04747605 0.009835685 0.1350355 -0.003538631 0.01638965 0.2133112 -0.0455488 0.1900954 0.09953118 0.00425589 -0.04223071 0.1377661 0.07179669 0.08909593 -0.1709095 -0.1185259 -0.2099118 -0.2558323 0.1132557 -0.2460122 -0.007211103 -0.2534479 0.07162705 -0.163683 -0.05632021 -0.004269301 -0.1513353 -0.08552234 0.1970092 0.08410183 -0.2236076 0.1267397 -0.2726561 0.159303 -0.04624257 0.1580703 0.08965809 -0.1829371
-0.06506351 0.05549973 0.0699155 0.06768392 -0.0440501 0.10911 -0.1192865 -0.09423058 -0.06118948 -0.1607051 0.007995012 -0.0695896 -0.06090158 0.3873437 0.06084004 -0.277599 -0.2074686 0.1358773 -0.06450133 0.3215954 -0.06316283 -0.2603226 0.2589218 -0.05994894 -0.07917666 0.0151835 -0.04294027 0.002244588 -0.2545528 0.05726576 -0.2289974 -0.02368672 -0.1456691 -0.05648141 -0.2139158 -0.01788686 -0.03238014 -0.08406069 -0.02723135 0.09540575 -0.07969105 -0.1525519 -0.191788 -0.1676665 -0.02052489 -0.002638765 0.006207154 -0.07858158 0.120377 -0.1452508 0.01066361 -0.1051787
-0.008976109 0.09976014 0.1117091 0.2166824 -0.1193849 -0.1190802 -0.1254764 -0.2386507 0.1288314 -0.1372194 -0.002617625 -0.1765695 -0.01859108 0.02031429 0.00913762 -0.08819512 -0.2235168 -0.1164193 0.2003058 -0.07565256 -0.08984965 0.1098751 -0.1894179 0.1637604 0.2630881 0.07388099 0.0960967 0.08364488 -0.1739702 -0.06164006 0.03785906 -0.07220253 -0.04539522 0.1268773 0.1602605 -0.1243768 0.06534066 0.008574774 0.1096367 0.2353597 0.06188711 0.4002704 0.003386399 0.009417685 0.01237051 0.1132781 -0.2701228 -0.01845569 0.1701821 -0.1138384 0.05044546 -0.066216
-0.1798352 0.007583083 -0.1371907 0.006134938 -0.142932 -0.07029035 0.006308489 -0.1757313 0.01593675 -0.1391443 -0.03050717 -0.1888852 -0.1138279 0.07169573 -0.05943861 -0.1270609 -0.1813941 0.02311352 0.08530387 -0.08113437 -0.1232356 0.1400967 0.04139488 -0.07567173 -0.1016983 -0.1858673 -0.1114746 -0.07570501 -0.09633135 -0.01188889 -0.1747822 0.0163173 0.01005202 0.02120436 0.09495687 0.1335756 -0.1806322 0.2198993 -0.2558108 -0.2007612 0.09629918 0.08800798 0.0825338 -0.0607467 -0.1984513 0.09327858 -0.007610952 0.2484351 -0.3869152 0.1337827 -0.1458826 0.255373
0.1875338 -0.01567996 -0.150839 -0.07381836 0.1060029 -0.007804054 0.0151488 0.1953129 0.06328936 -0.07873616 -0.0420025 0.18497 0.01395022 0.06254508 -0.2751042 -0.1359045 -0.1662259 -0.3138069 0.08090372 0.03544482 -0.05969882 0.100077 -0.1782887 -0.06545108 0.10151 0.09931932 0.06662714 -0.0194802 -0.1756957 -0.1155665 -0.1106755 0.04172554 0.03930136 -0.01385898 0.05003861 -0.006856273 -0.1672774 0.05616022 -0.3037376 -0.1373075 0.0325568 0.02277802 0.1448364 -0.06265031 0.1127612 -0.3260168 0.1583217 -0.1397659 -0.03372159 -0.2456568 -0.03155816 -0.276425
0.1218044 -0.06686305 0.05683921 -0.03271434 -0.1944375 -0.2859867 -0.002833233 -0.2104839 0.1370384 -0.073309 0.09938847 -0.3177398 -0.02060821 -0.1851978 0.01770496 -0.08846805 0.1256195 -0.182798 0.05008603 -0.1148773 0.2838632 0.007234267 0.04559264 -0.006390603 -0.1394087 0.1201997 0.05433759 -0.1477058 0.07663084 -0.07688525 -0.02941231 0.02391481 -0.2601804 0.06326905 -0.2216048 0.02480102 0.2574389 -0.06166705 -0.1571994 -0.1007898 -0.2139308 -0.1069944 0.1800515 -0.225557 0.02654263 0.04166113 0.1642548 -0.03010098 0.06847862 -0.07212748 -0.06119561 -0.06534077
0.1023468 0.2225592 0.1098453 0.3034 0.3555143 -0.1162468 0.07194296 0.1855937 -0.2387702 -0.0433297 0.008601064 -0.3711914 -0.01811465 0.02290036 -0.08094589 -0.1388673 0.2145849 -0.03399069 -0.0107567 0.08905766 0.04574907 -0.1264165 -0.04900143 0.1164599 -0.1475526 -0.05919085 0.03483576 0.2076997 0.1177554 -0.247187 -0.006321967 0.1019892 0.06633883 -0.04047678 -0.03906629 0.09966094 0.0650688 0.06079807 -0.05078199 0.03534841 0.06407421 0.0197744 -0.02525713 0.1793432 -0.1092485 0.03034162 -0.08441371 0.01527852 -0.2250235 -0.214615 -0.03311458 -0.06347898
0.02339289 -0.1865066 -0.02591159 -0.03500304 -0.007456266 -0.19483 0.02183207 0.1803869 0.2179754 0.1697822 -0.03540019 0.05057922 0.3448082 0.1223684 -0.01882195 0.03381465 -0.2078194 0.01305 -0.02067977 -0.001250417 -0.1977587 0.08911959 0.245951 0.388032 -0.0515278 0.08090461 -0.07440835 0.1010252 0.03429234 -0.271582 -0.09627218 -0.002478519 -0.1318492 0.1266003 -0.06793319 0.2087785 0.2065632 -0.1878505 -0.01941273 0.04741819 0.2027003 -0.0006570697 -0.09748106 -0.01844635 0.1063026 -0.01187767 0.002068528 -0.03479897 -0.1382783 0.08176059 -0.04582654 0.1071712
0.1651896 -0.190299 -0.000635786 0.009350126 0.03427107 0.05210926 0.2054082 0.270197 0.03096425 -0.2560213 0.2152457 0.02328472 0.03343422 0.0302554 0.1113275 0.1461889 -0.02270855 -0.01006157 0.004236788 -0.09224885 0.1617622 -0.2839397 0.2310253 -0.05547526 0.04155192 -0.08793899 -0.2948614 -0.005320931 -0.3459588 -0.04186608 0.1436516 0.03435473 -0.1469406 0.1084793 0.04475559 -0.2084678 0.05518937 0.06631815 -0.00547143 -0.08728032 -0.01874951 0.244112 0.2006701 0.137914 -0.1095094 0.08367565 -0.04235986 -0.1237907 -0.06202948 0.03558504 0.000357976 0.04127191
-0.07476959 0.0004600629 0.004986024 -0.1448081 -0.1400411 -0.02339398 -0.0713375 0.3029944 -0.2282934 -0.2187531 0.2042435 -0.1090795 -0.275636 0.08045441 -0.07317946 0.1180278 -0.131995 0.2680927 -0.2068517 -0.05252453 -0.07994713 0.1236993 -0.3005156 0.1322959 0.04690413 -0.07549055 -0.07396498 0.1241173 0.2273466 -0.005636993 -0.1305983 -0.1212875 -0.03319514 -0.03632634 -0.148835 -0.03732369 0.1363229 -0.1554101 -0.1006294 -0.07309879 -0.07276276 0.2205726 0.04838248 -0.1529727 0.0640154 -0.01909092 0.06128418 -0.09415394 5.26991e-06 0.09999534 0.1763217 -0.04902787
-0.176918 -0.1256919 -0.1082385 -0.1211118 0.1661641 0.05506433 -0.2629108 -0.004689618 0.133546 0.1534259 -0.01525099 0.06784243 0.1246101 -0.06806503 0.1410229 -0.06094785 0.01672257 -0.07648745 0.01680971 -0.0397701 -0.1289488 -0.02831908 -0.06178324 -0.2135176 -0.07157607 -0.2509728 -0.04915054 0.2397198 0.1754568 -0.07630157 -0.1366624 0.2110776 -0.1387 -0.1030926 -0.1275258 -0.02293203 0.08014614 0.110627 -0.229427 -0.1531065 0.01437025 0.1366078 0.04577275 0.07664851 -0.145859 0.2299652 -0.2087128 -0.1861078 0.3210063 -0.07660726 -0.04169486 -0.05346244
0.170807 -0.08192634 -0.0151066 0.1326912 0.147588 -0.3177484 0.06384258 0.1060234 0.02633585 -0.09509927 0.03012885 0.06397237 -0.06798498 0.02696015 0.002955189 -0.260046 0.1217588 0.1989175 0.1075474 -0.01489751 -0.1252731 0.2865521 0.1799167 0.002764013 0.05099718 -0.114703 0.03586803 -0.05135195 0.05209887 0.381268 0.1997055 0.1747373 -0.069009 0.112258 0.04281616 0.1882539 -0.1343113 -0.03157288 -0.02166296 0.01905949 0.0763535 -0.05545979 0.04944679 -0.1558514 -0.2001976 0.009980714 -0.05795743 -0.2007626 0.1004583 0.09390915 0.2571801 -0.08314434
