0.03662608 0.01964469 0.03427326 -0.02826485 -0.01939432 -0.0421319 -0.07537114 -0.1039825 0.07640675 0.06134834 0.1040326 -0.05933938 0.108906 -0.004419992 0.04130558 -0.2041729 -0.01678756 -0.005165114 -0.01300143 0.02126507 -0.05898041 -0.1063218 -0.07543945 0.013731 -0.06205701 -0.115561 -0.08714626 0.1005195 -0.01427331 0.06216879 0.09693097 0.03966148 0.2908571 0.2953146 0.2633633 0.3330716 0.2534217 0.2839481 0.2815556 0.2216118 -0.08942139 -0.01755097 0.1131755 0.06486376 0.1798727 0.1462399 -0.1103925 -0.186939 -0.09661619 0.1508671 0.04872396 -0.2022369
-0.0631271 -0.04528935 0.1494719 0.03518988 0.01612493 0.103075 0.0591243 -0.05804753 -0.1026496 0.0005895432 0.114649 -0.05655249 -0.2156018 0.1194411 0.04668677 0.009280892 0.1357446 0.1530819 -0.08460413 -0.1052981 -0.02414101 0.1697864 -0.02694931 0.1206776 -0.1101927 0.02601993 -0.1882047 -0.02933802 0.3330756 0.3463441 0.3632303 0.4048043 -0.03724967 -0.02352214 -0.02293427 -0.05824514 0.03581711 -0.08769191 0.0006248057 -0.01042649 0.140495 0.2062828 0.1211118 -0.1647806 0.2222491 0.0171933 -0.0545764 0.058207 0.03819062 -0.06436859 0.03722032 0.006099173
0.1729065 0.1175288 0.1216947 -0.07417251 -0.1193585 0.02005563 -0.07881877 -0.1272303 0.273491 -0.002058126 -0.1288716 0.02953287 0.01264126 0.03844297 0.2852427 -0.1978832 -0.103594 -0.03668076 -0.02222757 -0.2557788 -0.2088826 0.1226952 0.08468644 0.08185159 0.1235954 -0.1137216 -0.1910113 -0.05262563 -0.03217245 -0.04154714 -0.05188095 0.03770961 -0.1033015 -0.247786 -0.2618131 -0.1753946 0.1160935 0.1528847 0.1306347 0.1883862 0.1456325 -0.09292515 -0.1225917 0.03704984 0.05933918 -0.2742877 -0.01302041 0.1179688 -0.1147671 0.2054252 0.02554274 -0.06087637
-0.3056074 0.1940505 -0.2365131 0.2463414 -0.08187637 -0.07625125 0.06003056 -0.02920078 0.04403877 -0.2146216 -0.09012176 0.2044741 -0.106677 0.07369368 -0.1931344 -0.05489553 -0.05238839 -0.1638535 -0.1228445 -0.1404703 0.2155382 -0.1280472 -0.1142029 0.04499283 0.03507952 -0.03105735 0.1202953 -0.04116751 0.1293639 0.1331326 -0.02053456 0.006556703 0.1182304 -0.01695382 0.04910318 -0.09817929 0.1177137 0.06999342 0.1514301 0.06664626 -0.1544306 -0.1687783 0.05260776 -0.1464828 0.09269571 -0.09285582 0.2064697 0.2560276 -0.1524897 0.08750097 0.1886496 0.2092283
0.1834871 -0.1153366 -0.004982491 -0.0742472 -0.05528836 0.2047827 -0.1878852 0.28928 -0.132743 -0.222444 0.2407208 0.1150421 0.1692489 0.02050888 -0.09676407 -0.02222717 -0.2555144 0.02588176 0.04720052 -0.02711631 0.2651312 0.02901821 -0.125081 0.09811148 0.1856808 -0.1638639 0.07472686 -0.05584856 0.04749224 0.09464798 0.1582602 0.1097456 -0.0245827 0.03380466 -0.01115832 0.0167914 -0.07081295 0.03358345 -0.1279543 0.2145989 0.0001133733 -0.03690087 -0.1856186 0.1490267 0.0987717 -0.02542834 0.2079235 0.009284751 -0.01767327 0.1154518 -0.3557124 0.002415088
-0.02664402 0.09087625 -0.03273608 0.06270744 0.2473566 0.1950102 -0.1709481 0.1270975 0.06421156 0.08997927 -0.02253418 0.2939529 -0.1494619 0.2818097 0.03125275 -0.01504314 0.03242774 -0.01909395 0.2646367 0.1198369 0.02244571 -0.1967146 -0.125252 -0.3301324 0.2297221 0.0009267352 -0.09668686 -0.03620074 -0.04557502 -0.04382009 0.09337268 -0.1421447 -0.04709381 -0.09031692 -0.1393818 -0.03656284 0.2069163 0.009364721 0.09212109 0.06684043 0.2518685 -0.01058569 0.2001459 -0.1632381 0.05034904 0.177824 0.01307418 -0.02543173 0.1122988 -0.1226221 -0.05670665 -0.1010799
0.0198078 0.04734678 -0.2085142 -0.05901083 0.1603772 -0.1893893 -0.02454705 0.1423278 -0.2132854 -0.1512454 -0.2226756 0.07532278 -0.02689761 -0.137503 0.05456491 -0.117194 -0.2369171 0.1232747 0.08323701 0.09488743 -0.2181178 0.1160426 -0.2141463 0.05820365 -0.07509653 -0.07522225 -0.1610123 -0.09830297 0.1507179 -0.1027324 -0.07514373 -0.04437315 0.169929 0.06875048 0.1325873 0.05575901 -0.1205499 -0.1063783 -0.08992613 -0.08126051 0.2735814 -0.1930846 -0.2126613 -0.1811055 0.2116751 0.04591005 -0.223738 0.1597302 -0.0812652 -0.04495716 0.03196937 -0.07454514
-0.07772784 -0.1367096 -0.06317482 0.2216147 -0.05402202 -0.0843544 0.3406331 0.1620561 -0.2376361 -0.1730609 0.01654036 -0.1079472 0.1179658 -0.1629594 0.1749088 0.2386611 0.1938495 0.1418078 0.1262377 0.01955866 -0.01235505 0.04262174 0.1527024 -0.1616743 -0.1136169 -0.01363819 -0.1008558 -0.29867 -0.02676723 -0.06570896 -0.08066897 -0.03074594 -0.158706 0.02680907 -0.01681205 -0.03823387 0.2242015 0.1563467 0.08400644 0.2555433 0.04549049 -0.1095057 0.1828267 -0.04915861 0.04249174 -0.04493772 0.01682571 0.03277497 -0.06561509 0.1028403 -0.2195166 -0.01423205
0.2580791 0.1231656 -0.2431857 0.312524 -0.04279157 -0.1052557 0.09185141 -0.09759145 0.1215566 0.07991656 0.1569281 0.1298391 -0.105912 -0.1408589 0.07772552 0.01561869 -0.1435847 -0.04560485 0.1424809 -0.2382694 0.1293029 -0.09156 0.07221437 -0.1476004 -0.1656519 0.1574241 0.1238825 -0.07497526 0.09260386 -0.04255841 -0.01865438 0.1585067 -0.01949754 0.01412921 -0.07005151 0.08829413 0.05363636 -0.1877861 -0.07429275 0.02826561 0.07738997 0.169319 -0.2158261 0.03108025 0.01808282 0.02072483 0.06986477 -0.2275607 -0.2670708 -0.1670789 0.03008507 -0.2685422
-0.0625658 -0.2099961 -0.1546908 0.1731329 -0.08354141 0.3106949 -0.2019725 -0.2041366 0.08935722 -0.09726568 -0.1462386 -0.1220248 -0.2265725 -0.1527199 0.04045468 0.1754236 -0.09165967 0.306324 -0.06278756 -0.1629596 -0.1593172 -0.06105632 -0.0110449 -0.09950656 0.3047382 0.133295 0.1388692 0.0224378 -0.09146106 -0.01405271 -0.07782099 0.06421469 -0.06971776 0.1667494 0.1418677 0.04607709 0.07776646 0.09854763 -0.1096507 -0.01357141 0.06938571 0.09973002 -0.1425811 -0.07830927 0.01998328 0.1379147 -0.08625904 0.005433508 0.03921766 0.2173775 0.01226297 0.1742179
0.2003511 -0.07573989 -0.1847297 0.1002526 -0.1361139 -0.07418963 0.01253431 0.01437967 0.0448497 0.1572864 -0.1871173 -0.2165126 0.005719642 -0.06804815 -0.06139514 0.1326783 -0.1011195 -0.2668531 -0.02914283 0.05227165 -0.03140086 -0.2863875 -0.1176354 0.2386305 0.1367849 -0.03717598 -0.1749446 -0.2951778 0.005177848 0.09786975 0.1211065 0.05818367 0.05629892 -0.04603853 -0.1109925 0.06344502 0.00788893 -0.0408365 0.02584468 0.05819608 -0.1191999 -0.06287673 -0.0184325 -0.2772255 -0.02049183 -0.1161917 -0.0542818 -0.2408243 0.3754989 -0.0489454 -0.06006923 0.04410632
-0.2001875 0.1345212 -0.009884953 -0.02653591 -0.08239952 -0.08473248 -0.08404835 0.04877703 0.03028214 -0.1138774 -0.1504204 0.1247783 -0.03720683 0.3657145 0.1042801 0.0234386 0.1416737 0.1438211 0.2604665 0.01881533 0.03825151 -0.02378519 0.1622089 0.268468 -0.08843373 -0.2613219 0.101859 -0.2213399 0.07736371 0.1170426 -0.246012 -0.002983836 0.003066987 0.03422337 0.04738608 0.09310276 -0.08600127 -0.05540826 -0.08914413 0.04893207 0.01322997 0.2539616 -0.1266639 -0.04416142 -0.1680554 0.07807201 -0.008424723 -0.2276649 0.0846524 0.2703654 0.04622446 -0.0985464
0.1264421 -0.01497105 -0.2053006 0.09663327 0.1384733 -0.2410924 -0.2806079 -0.2114603 -0.135458 -0.0630698 -0.1658264 0.1692022 0.1596894 -0.06160171 -0.1081507 0.270469 0.1259525 0.228587 -0.0954838 0.08737361 0.1680584 0.1896148 -0.2411744 0.0615797 0.08067178 0.05418196 -0.04394378 0.1185418 0.09678508 0.06531647 0.0211106 0.1105078 -0.07660195 -0.1525988 -0.1443306 -0.02005288 0.03613886 0.1054969 0.1761751 0.02724958 -0.01968216 -0.0185496 0.09673395 0.2319891 -0.2184268 -0.05345205 -0.1204353 -0.07019886 0.04659213 0.05335331 0.08208891 -0.1895733
-0.04308763 0.2241358 0.08251502 -0.09620392 0.3677163 0.2368916 0.08369857 -0.111447 -0.2209905 -0.005465961 -0.007888236 0.05730741 -0.1087376 -0.2020014 0.1301916 0.0735025 -0.06819753 -0.05545601 -0.3618518 -0.1070884 0.1095421 -0.1341478 0.1626453 -0.1288464 0.1127669 -0.2190044 -0.1411375 -0.2903747 0.1160841 -0.03091649 -0.06620838 -0.002388744 0.1048787 0.03032754 0.09118311 -0.09401719 -0.08722419 0.03199221 -0.06988284 0.03206855 -0.0393932 -0.01735692 -0.01306464 0.2246573 -0.04634029 0.01208005 0.07265554 -0.1273852 0.1356137 0.01351479 0.1780537 -0.1295558
-0.0155779 0.3244976 -0.02692177 0.07054854 -0.07741129 -0.09963714 -0.2508991 -0.03876679 0.007665195 -0.2497098 0.07226182 -0.0876377 0.2932189 0.01151141 -0.08063818 -0.06684776 0.06414425 0.05626468 -0.2511733 -0.1007091 0.06732352 -0.0682488 0.2826678 -0.202939 -0.06773691 0.002522407 -0.1520494 0.05699264 -0.04230744 0.0201212 -0.01524639 -0.01757294 0.128551 -0.08096917 -0.1873666 0.03099515 -0.003419832 -0.1048903 -0.07042126 0.1082109 0.02655631 0.07733002 -0.045654 -0.1361987 0.03619676 0.2330045 -0.312046 -0.03509486 0.06154342 -0.1067976 -0.1950321 0.2644158
-0.02981551 -0.03549917 0.1513282 0.149735 0.1737229 -0.09953547 -0.1293239 0.106732 -0.1186247 -0.0009815121 0.1882822 -0.03341591 -0.2063979 0.1207019 -0.08642858 -0.03267522 -0.2054854 -0.2255581 -0.130806 -0.1241545 0.00553374 0.1585631 -0.2376703 0.1331798 -0.2915215 0.1050478 0.1019253 -0.1248352 -0.2256229 -0.1520964 -0.1283538 -0.004832811 -0.1890624 -0.003799208 0.08386564 -0.1852431 0.1861185 0.09493263 0.01533976 0.2363867 0.02224173 0.1484182 -0.07227234 0.03393522 -0.04017223 0.08391755 -0.2618553 -0.02143104 0.1880021 0.02360845 0.07619425 0.07256952
0.1857578 -0.1360913 -0.04403507 0.1845764 -0.1900978 0.03612049 0.04048 -0.1739323 0.06475396 -0.2035899 0.04210349 0.1344883 -0.2147903 0.04150398 0.2544867 0.01281329 0.1082116 -0.1869073 -0.1328672 0.3016608 0.1069848 0.1740551 0.09162087 0.006267849 -0.1021784 -0.3123203 0.06698813 0.1928902 -0.05110196 -0.1934871 0.02952256 0.1338157 0.06139384 -0.055679 -0.02731252 0.02950697 0.07820462 -0.04682442 -0.181011 -0.0266715 -0.02083979 -0.2563073 -0.008106519 -0.03811046 0.05525427 0.2358611 0.02996737 0.07144714 0.2393442 0.02285393 0.04621018 -0.08259995
-0.0323476 -0.2664959 -0.1456939 0.3335219 0.3040311 -0.09572478 -0.02929196 -0.07152961 -0.04071934 0.1581344 0.01984069 -0.191659 0.005316751 0.1332298 0.0410319 -0.001923073 -0.05738932 -0.03268065 -0.06077395 -0.07030743 -0.08807064 -0.09229419 -0.0003986834 0.09430019 0.01768805 -0.4339965 -0.06016772 0.1030921 -0.09656881 -0.07024539 0.02349522 -0.08630598 0.1229571 -0.1009851 -0.1054319 0.1268005 -0.1291379 -0.1643706 -0.01509782 0.04280456 0.0987913 0.2440519 0.1740856 0.1641236 0.02011225 -0.0453329 0.07851306 0.1333797 -0.2236357 0.03442862 -0.08734327 0.1767208
-0.0599925 -0.1633028 0.0350901 -0.01852789 0.3239311 -0.1703285 -0.01570252 -0.1538042 0.0566241 0.1015439 -0.1391722 0.06361619 -0.06171579 0.01803778 -0.2975142 -0.06898608 -0.004941107 -0.1563538 -0.08491395 0.1596133 -0.06603558 0.2471698 0.3390496 -0.06854996 0.1324416 0.05598855 0.0241957 0.06267818 0.2673673 -0.02366536 -0.06373998 -0.05454037 -0.1505038 -0.02817029 0.07322036 0.02283126 0.1572134 -0.0203829 -0.02144684 0.1268544 -0.154143 0.02159238 -0.2103691 -0.1749956 0.1907161 -0.0347182 0.1124977 -0.1459227 -0.02512776 0.09736608 -0.2751453 -0.04444018
0.08905403 0.09663179 -0.1205683 -0.02606944 0.1290614 0.1640938 -0.09297167 -0.1246604 -0.02873911 -0.2172375 0.1268244 -0.2632212 -0.16511 0.1974258 -0.1104789 -0.1198438 0.2783727 0.1172046 0.1177826 -0.06374003 0.09412113 0.1329489 -0.06256629 0.1911434 0.06830928 0.2224172 -0.2836231 -0.05235849 -0.07038085 -0.3104664 -0.1323375 -0.02110254 0.07134062 0.08766825 -0.01935691 0.1622946 0.00752989 -0.1355834 -0.1203151 0.164549 -0.1188812 -0.1462237 0.04997284 -0.01123611 0.03949206 -0.2000941 0.1799869 -0.05884637 -0.03750599 -0.1319875 0.08296147 0.0007443021
0.004076054 0.04383416 -0.05667005 0.1100573 -0.02502878 0.1452672 -0.02068488 -0.09915799 0.1223753 0.2055887 0.1163589 -0.08181234 0.156163 -0.1891883 -0.1929898 -0.1801246 0.1937705 -0.1745063 0.100059 0.0257467 0.07754286 0.2569343 -0.1207865 -0.08559724 0.006905467 -0.1740043 -0.1670467 -0.175774 0.0501628 0.0978134 -0.1223535 0.09899397 -0.2372748 0.04121711 0.1409665 0.06795432 -0.1900574 0.02583269 0.141283 0.02352463 0.2938262 -0.1274643 -0.1032626 -0.07589238 -0.2543707 0.2605489 0.1078369 0.01624001 -0.03905973 0.05593506 0.0844824 0.1724433
0.02027175 0.2532455 0.07301205 0.09186061 -0.1505328 0.04031181 0.01034471 -0.05218096 -0.05673648 -0.01582639 0.03528385 -0.2029626 0.05448078 0.169774 -0.05834708 0.2507662 -0.09874384 -0.06542781 0.02027715 0.2022641 -0.05503129 0.07893588 0.07116823 0.06833962 0.2115935 -0.1969138 0.2214605 0.07729456 0.1990702 -0.06674001 -0.1166879 0.02270247 -0.03154788 0.1516342 0.1159213 -0.05370665 0.1655457 0.1151785 0.09149921 -0.01120632 0.3280142 0.002098316 -0.03867949 0.1371438 0.08503182 -0.2497105 -0.0697871 -0.112979 -0.03627899 -0.3945435 0.04273646 0.1266748
-0.1702242 0.2112234 -0.2927602 0.0404572 -0.0544454 0.02890141 0.1053178 0.03137766 -0.1087492 0.2607183 0.264939 -0.05860067 -0.05724458 -0.1806418 -0.08191795 -0.1065161 -0.05665714 0.01869893 0.2469425 0.00494421 0.1364461 -0.02358902 0.1270135 0.1210239 0.08121176 0.02159573 -0.08540544 0.2857986 0.1044129 -0.09305294 -0.07840923 -0.006719691 -0.0447937 -0.1838841 -0.03831321 -0.05263173 -0.03091383 0.1652233 -0.1613932 -0.05141 0.05364753 0.03426304 0.1002846 0.1107743 0.2289819 -0.06920073 -0.190098 0.005930791 0.273271 0.2954069 0.01168805 -0.02511846
-0.0841799 -0.008880724 -0.08865994 -0.1636108 0.01900704 0.003959581 0.08833515 -0.287622 -0.1266048 -0.2444731 0.04544398 -0.2444171 0.01078839 0.04844765 -0.1477878 -0.045088 -0.3212329 0.07217279 0.05025025 0.03114551 -0.04157398 -0.1664289 -0.009629726 -0.1531032 -0.2515219 -0.1193531 -0.09442062 0.278313 -0.08493748 0.1188836 0.01508179 -0.006912743 -0.1016369 -0.001792565 -0.01956606 -0.1019925 0.07136077 0.02696782 0.01463461 0.06396349 0.1815676 0.03990706 -0.03442372 -0.2276298 -0.2846779 -0.09271151 0.2726627 -0.006718628 0.1382351 0.02744548 -0.01156563 -0.2239976
-0.1704572 -0.1767234 0.1083291 0.06350393 -0.02434327 -0.02419511 0.1064671 0.1288234 -0.034253 0.2966596 -0.08858822 -0.1139394 0.1032367 0.1316652 0.1980967 -0.1866298 0.07456236 0.2710883 -0.1209784 -0.1254803 0.3194242 -0.129908 -0.1877517 -0.1148065 0.04565781 -0.07300154 -0.02047569 0.2038998 0.1969669 -0.1659876 -0.1477496 0.1197898 0.04682123 0.03397347 0.001944542 -0.1010512 0.1564865 -0.1591094 0.08047581 0.07490249 -0.05831905 -0.1554036 -0.3222162 -0.06426848 -0.1178981 -0.05159217 -0.06026262 -0.03874217 0.1138365 -0.08121819 -0.04070511 0.0138551
0.08899988 -0.1108127 0.04957088 -0.1927879 0.06809482 -0.3184581 -0.2752009 0.01230039 0.05834791 -0.03303545 0.1552256 -0.1483034 -0.08390279 -0.02026391 0.1616686 0.2234326 0.01790538 -0.02988358 0.0936174 -0.429616 0.1421987 0.03905551 0.05375595 -0.06016457 -0.04562097 -0.05026833 0.1346799 0.01080889 0.1837653 -0.080353 -0.07933961 -0.1209002 0.04447458 -0.029019 0.08686912 0.001631775 -0.1220694 0.08528532 0.1744835 -0.1841399 0.1259856 -0.1714304 0.1562367 -0.1514581 0.1627764 0.09075642 0.2233302 -0.07745172 0.1749035 0.0186634 -0.01193392 0.07836805
0.08799336 0.0854616 0.2405738 0.1711023 0.1087278 0.05859803 0.1213169 -0.3399184 -0.02355443 0.03874359 0.02602447 0.1668837 0.02632473 0.1340901 0.0948015 0.07909028 -0.3378364 0.06955007 0.2207626 -0.04152864 0.1005847 -0.05293404 0.06943952 0.2298724 -0.05627164 0.1279924 -0.1747108 -0.006548617 0.1331813 -0.03456855 0.0627646 -0.06185213 -0.01452905 0.08593534 0.1079276 -0.005137471 0.008905532 -0.02261167 -0.001759553 -0.1540332 -0.08919098 -0.2817314 0.1213669 0.01340195 -0.2324884 0.09650759 -0.149989 -0.00395896 -0.08163324 0.07747563 -0.263751 0.2387942
-0.06122446 0.3023858 -0.0532705 0.05745642 -0.06666594 -0.08999503 0.1352204 0.1346733 0.2409323 0.08064323 -0.252656 -0.1159003 0.02072989 0.1041252 -0.01514835 0.1351546 -0.02911293 0.04873382 -0.2100654 -0.06842099 -0.03989929 0.1534082 -0.2615515 0.02315008 -0.09719206 0.03945152 -0.2225919 0.05283432 -0.01759101 -0.09509587 0.1011548 -0.07523855 -0.02625462 0.06652284 0.05796553 -0.06618012 0.1302238 0.1015728 -0.2327464 -0.1577767 0.06630466 0.08602803 0.01383875 0.2082782 0.08880914 0.2386389 0.3485461 -0.1052006 0.04530617 0.07654253 -0.2508388 -0.02553389
-0.06515378 -0.1762228 -0.1851827 -0.01615465 -0.08565289 0.001927284 -0.134755 -0.05471574 0.1929374 0.0658481 -0.03868202 0.03293159 -0.1092382 0.1568285 0.01747203 -0.1190861 0.03929392 0.0513832 -0.2091992 0.1400847 0.01677172 -0.225174 0.1110653 -0.06360743 -0.3192989 0.2207592 0.04199357 -0.1345331 0.2047944 0.07863671 0.08549494 -0.1490916 -0.09429277 0.04034728 0.09422775 0.04805026 -0.2142534 0.05106444 -0.07947067 0.2178422 0.2940621 -0.2224395 0.05217789 0.3241583 0.01187112 -0.1781997 -0.04887045 0.02025657 0.1016464 -0.01048272 -0.0931346 0.0423654
0.04355141 -0.0856214 -0.09773759 0.1771385 0.08648162 0.0449792 0.1059921 0.0798595 0.01690775 0.1004979 0.1357109 -0.09699386 0.07113536 0.2774445 -0.1996456 -0.009746038 -0.1237932 0.3177552 -0.01888654 -0.06937256 -0.1841153 0.08431307 0.2016723 0.05464532 -0.01194397 -0.03110048 0.05450452 -0.1207913 -0.1671952 0.242226 -0.04363292 -0.01863916 0.06987845 -0.1827137 -0.1055931 -0.08340606 -0.04296929 0.1954967 0.05467054 -0.1094583 -0.1327411 -0.3502235 -0.1647913 0.08402961 0.1260842 0.2419278 0.0542549 -0.05514796 0.06366709 -0.1780107 0.1784104 -0.1223287
0.03737157 0.03919109 0.1650886 0.067212 0.05769315 -0.04603028 -0.08875823 -0.2214969 -0.2455563 -0.07197312 -0.143717 -0.3284127 0.09225531 0.1003563 0.07405184 -0.08894857 0.1238994 -0.2155484 0.2628983 0.1394623 0.03282906 -0.1445081 -0.1318187 -0.2129213 -0.02649442 0.1876755 0.1402777 -0.1419233 0.002725294 0.1094524 0.04607128 0.1155072 0.1497909 -0.2485906 0.02096525 -0.06398751 0.09446838 -0.03159763 -0.06250761 -0.1335206 0.02587976 -0.03664112 -0.2162035 0.2594513 0.1819249 0.07305542 0.07369001 0.03967839 -0.01892489 0.2257761 0.01866716 0.07128439
0.01955755 -0.1716456 0.04118811 0.2318586 -0.1028269 0.2711203 -0.2584055 0.1272596 -0.06278827 -0.1250233 -0.1767732 -0.01447769 0.2525346 -0.06391093 0.00705709 -0.09986797 -0.06528659 -0.1105671 0.11436 -0.1318824 -0.04264854 0.02431815 0.04407513 -0.02830462 -0.2010582 -0.09311999 -0.1792794 0.09156044 0.2893396 0.03451182 -0.003607159 -0.297758 -0.2539923 0.0285815 0.04186761 -0.02589461 0.1613335 -0.05597061 -0.1191211 -0.1567905 -0.2030003 0.04532326 0.0966404 0.0669811 0.09718062 -0.04321715 0.003071008 -0.09531349 0.03312322 -0.08615304 0.2789404 -0.06257827
0.05213141 -0.03705414 -0.1038479 -0.02214696 -0.302812 0.1227704 -0.1183844 -0.1485874 -0.2635907 0.1900034 0.2955869 0.2002361 -0.04373681 0.19956 0.04035401 0.1777147 0.0422197 -0.02335458 -0.1692995 0.1020334 -0.2006245 -0.002084464 -0.1603303 -0.1584427 -0.1201505 0.01337406 -0.2412594 -0.07138637 0.1068798 -0.06049879 -0.2437284 -0.1320877 0.1274502 -0.1222299 0.05632858 -0.03912634 -0.07179048 0.1023618 0.1319483 -0.1367481 -0.1536907 0.1576141 -0.161296 -0.113535 0.05680052 -0.08912938 0.09454668 0.008485021 -0.09753806 0.05684004 -0.1499976 0.03220208
0.02937942 0.1420095 -0.2227162 -0.01413905 0.2360044 0.1226797 0.2195745 -0.05878625 0.1410371 -0.1351617 0.1227202 -0.01963562 0.1945639 0.07502555 0.3587012 -0.1335627 -0.06568275 0.03942303 -0.06773565 0.02069057 -0.1311443 0.216236 -0.2605174 -0.1277786 0.009917851 0.03550876 0.2837116 0.0005116491 0.0832814 0.1699091 -0.03424641 -0.08179273 -0.1205616 -0.1923334 0.1092971 0.2308996 -0.03922047 -0.05393888 0.03108435 0.0090275 -0.1765258 0.05443154 0.0789281 -0.07646207 0.007993197 -0.1473735 -0.03476294 -0.1218194 0.2030556 -0.0216039 -0.0696415 0.1604199
-0.1291809 -0.01188475 -0.05860471 -0.1577216 -0.2205373 -0.02611564 -0.08010455 -0.2387771 -0.2844803 0.1655463 -0.2169739 0.04594175 -0.04022139 0.02139887 -0.06041763 -0.3026398 -0.07141884 0.08350282 -0.008605778 -0.1493354 0.06875445 0.08288807 -0.06176762 -0.06766909 -0.01287832 -0.1783991 0.2058172 -0.2102471 -0.11252 -0.1759554 0.09059248 0.1313528 -0.1508068 -0.1388258 -0.0131248 0.07725438 -0.006263201 0.188808 -0.2168951 -0.0352215 -0.0721731 -0.05442034 0.2737073 -0.06934144 0.05112403 0.02187612 -0.02135542 -0.1797272 -0.1421591 -0.2256631 -0.1339226 0.01586002
-0.04309576 0.05571327 0.02559654 0.1397541 0.02416759 0.04610011 -0.07386001 0.2340765 0.0326686 -0.1641103 -0.06866018 -0.1682306 -0.4241237 -0.03954717 -0.008963781 -0.06263676 0.1036402 -0.1556956 0.02715746 -0.073955 -0.0009001349 0.02417412 -0.05372526 -0.1469175 0.007583191 -0.1149245 -0.09635877 0.1789063 -0.03376609 0.2804388 -0.1405375 0.06096627 0.01718876 -0.07721025 0.07357357 -0.01321948 -0.1450057 0.1303115 0.04617119 -0.1776715 -0.122627 -0.1708579 0.01607684 0.06874541 -0.1744628 -0.1500939 -0.2385279 -0.1865235 -0.1721085 -0.05019004 -0.3344269 -0.1413359
-0.05570086 0.07416312 -0.05269228 -0.04128526 -0.06513477 0.3081993 0.001121536 -0.0319391 -0.1973408 0.1613901 -0.1829778 0.1036944 0.01574755 -0.08081824 -0.1010425 0.1216994 0.07139694 -0.1071366 0.05384657 -0.232598 -0.2093087 0.1907863 -0.003246941 0.07148538 -0.187929 0.01749476 0.2165417 0.1621324 -0.06446008 0.09123503 -0.05802624 -0.03489051 0.2654023 0.06237998 -0.1294766 -0.06662167 0.04191285 -0.3889443 0.1628821 0.2227062 0.1067144 -0.206049 0.08895413 0.08038499 0.03884688 0.02563779 0.0459745 -0.1456105 0.1045761 0.0845878 -0.1560065 -0.006722608
0.2653284 0.04960141 -0.1987964 -0.1556015 0.04176747 0.1543898 0.1463479 -0.02942421 -0.2037457 0.002030125 -0.2021183 -0.08983892 -0.004152951 0.1893067 0.0771936 -0.03002158 0.08560151 -0.1167815 -0.1785017 -0.06951245 0.2477177 -0.1522244 0.08333627 0.2119644 0.00101125 0.06494815 0.03799821 0.1012606 -0.09761532 0.09309826 -0.150644 -0.08961044 -0.3765433 0.1032981 -0.008907929 0.0767952 -0.02381975 -0.008690744 0.2686852 -0.1263504 0.06116263 0.06967173 -0.03833691 -0.0288038 0.2115266 0.205195 -0.10022 0.1867192 -0.1022018 0.008631622 -0.1022889 -0.1123331
0.04309096 0.1361314 0.02073968 0.1494242 0.1350651 0.0714845 -0.1649566 0.0389322 0.03502233 -0.03820085 -0.02871217 0.04641156 -0.01383896 -0.180994 -0.05818998 -0.2251039 0.07740117 0.1337272 0.06450785 0.05872261 -0.2320715 -0.172762 0.05356976 0.1094342 -0.1990717 -0.04527516 0.1469189 -0.09058073 0.1166939 -0.2083351 -0.1060433 0.2902084 -0.03033813 0.138411 -0.140342 0.01805877 0.02836205 0.1214636 0.2615571 -0.2134312 -0.1226429 0.09979404 0.0009094114 0.08153024 -0.03270959 -0.03688196 0.1884368 0.2447735 0.2760082 -0.1169137 -0.2629443 -0.000292762
-0.1792085 -0.2632676 0.1264635 0.07453794 -0.07610559 0.05030961 0.1979575 -0.1035397 0.1184535 -0.3120705 0.09773398 0.09616312 0.07613383 -0.07584371 -0.1408984 -0.208606 -0.0405021 0.01321096 -0.1488735 0.04369928 0.09212869 -0.02352086 -0.113794 0.1291087 0.1098352 0.08607423 -0.02910879 -0.1195892 -0.02981778 -0.1140229 -0.1543737 -0.06451139 0.09547761 -0.089882 -0.1464407 -0.06810339 -0.01717494 -0.1131166 0.2255768 -0.2993095 0.2789941 0.08266229 0.1009753 0.06239197 0.171259 0.004036349 -0.04122087 -0.3603406 0.02051577 0.06350625 -0.06917446 -0.08293971
-0.03478634 -0.2192249 -0.238928 -0.2094916 0.0561368 0.07139799 0.09509393 0.04332192 -0.01728167 -0.04580663 0.07347686 -0.01971721 0.06967022 0.09659707 0.004080979 -0.04404491 0.06380288 -0.2667368 -0.02178682 -0.1993528 -0.0675935 0.0737356 0.05218218 0.08663052 0.06914071 0.1054947 0.03909821 -0.07102913 0.2608931 0.02012191 -0.06489775 0.01306357 0.2703464 0.01227549 -0.1792259 0.1025666 0.3505737 0.2236373 -0.2083326 -0.1442058 0.1246842 0.04515403 -0.01031498 0.07554609 -0.3678864 0.1240163 -0.1027223 0.1627152 -0.01738245 -0.0795766 -0.06052771 -0.02861627
-0.08813703 -0.03779089 -0.07936015 -0.01383636 0.07713846 0.02579238 -0.1902927 -0.05257562 0.1967632 0.140999 0.06042337 -0.01348379 0.2628141 0.1059707 0.02542213 0.09810976 -0.1022734 -0.06434002 -0.04915338 0.03195503 0.1324929 0.08139589 0.0484023 -0.0972991 -0.0322333 -0.003937278 -0.04892114 -0.1661736 -0.2379021 0.1516411 -0.2800126 0.3024227 0.03099907 0.1911212 0.1487377 -0.1196813 0.1295677 -0.1999751 -0.1849455 -0.2106042 0.004280513 -0.08701838 0.2293639 -0.07273518 0.1360674 -0.2338665 -0.07831922 0.183604 0.01542219 0.0668939 -0.08379644 -0.2272166
-0.09460318 0.01200088 0.01848877 0.1267816 0.0928295 0.01988891 -0.2056885 -0.07111155 -0.08350569 0.1299536 0.003026773 -0.01430702 -0.01741312 -0.2571097 0.3484972 -0.1407216 0.03213519 0.04363373 -0.02300991 0.2160074 0.2022917 0.1062792 0.02826386 0.2730389 -0.04702425 0.143839 0.03550113 0.03307656 -0.1413118 0.3118962 -0.08576836 -0.2562491 0.1690618 0.0975478 -0.1524485 -0.1541027 0.04792195 0.2152559 -0.0999931 0.03197425 0.09696875 0.06504707 -0.05899171 -0.179242 0.01878762 -0.00905681 0.2156762 -0.07152217 -0.07085633 -0.1894031 -0.06712402 0.04141923
0.01330218 0.05796228 -0.1684432 0.0659429 0.08959181 0.09229328 -0.08317397 0.0609683 0.01158148 -0.01076905 0.09428165 -0.1948535 0.1607387 0.1235434 0.09763821 -0.05122415 0.07309627 -0.07568173 -0.09389206 0.1043606 -0.1476671 -0.05351672 -0.01488595 0.06794072 0.03720129 0.05588812 0.2084474 0.009537062 0.188634 -0.2546132 0.2032598 0.05998616 -0.002383077 0.1465313 -0.03653027 -0.4955905 -0.2244227 0.04858985 -0.00156553 0.01594389 -0.06861025 -0.07201646 0.1238574 -0.2158949 -0.09832413 0.1143897 -0.06454696 -0.1719798 -0.2550326 0.2056792 0.01058947 -0.1591778
0.3079703 0.03955859 -0.1158251 -0.1162076 -0.1244763 -0.222638 -0.00814781 -0.02235877 -0.02629203 0.01738625 0.15724 -0.05138062 -0.2106287 -0.08831079 -0.06924623 -0.2696666 0.05833242 0.2142611 -0.02092896 0.06785106 -0.08233735 -0.03522786 -0.02386388 -0.00970021 0.150487 -0.1461123 0.0381286 -0.1268683 0.07346354 0.2039896 -0.06182551 -0.2158808 -0.03618655 0.0801911 0.1246693 -0.3232131 0.3253941 -0.329624 -0.01150526 -0.03337473 -0.07309998 0.01715131 0.1623557 0.1532757 -0.09334451 0.08568508 0.003394351 0.01839869 0.008835013 0.05491596 -0.0354312 0.1059012
0.2558694 -0.07744332 -0.01162344 0.03575591 -0.06335688 0.0225096 0.1640442 -0.003600825 0.027806 0.00937063 -0.2344236 -0.07002168 -0.08049893 0.1410553 -0.07627279 -0.1140099 -0.2044581 0.02401786 0.1254341 0.04102123 0.2212256 0.2899209 0.02650682 -0.3187451 -0.02428705 0.03640827 -0.02705705 -0.05024383 0.09067168 0.01571881 -0.1240398 -0.01820908 0.2570245 0.3023588 -0.2256831 -0.1354716 -0.2600195 0.1664413 0.08379567 0.0787487 -0.08956629 0.2354054 0.1425729 0.03109793 0.0371722 -0.02701849 -0.05065051 0.05409484 0.1406943 0.04836557 0.0690331 0.1038053
-0.2072276 0.05283029 0.04979816 -0.1172415 -0.06401336 0.1738366 -0.05580664 -0.1518 0.2759327 0.03014598 0.04804483 -0.2858412 -0.1102144 -0.1442883 -0.06420898 0.1938072 -0.1109882 0.0815738 0.07715737 0.1141943 0.1827206 0.08259882 -0.1367785 0.04171339 -0.09848501 -0.1382218 0.1087165 -0.2195058 0.1778249 -0.06522653 0.04460457 -0.2588263 0.03798228 -0.163348 -0.1452398 0.0377854 0.02351202 -0.108561 0.1101693 0.09641464 -0.1783103 0.03887222 -0.04100799 0.0064185 0.0581766 0.1557037 -0.1803535 0.2608361 -0.09032678 -0.08505782 -0.1224129 -0.267488
-0.2415018 -0.004035182 0.09596237 0.1453065 -0.1915907 -0.2252012 -0.02736954 -0.08603276 -0.138243 -0.04568427 0.0688142 -0.03432735 0.0283762 0.05527412 0.1749197 -0.08874777 -0.1332818 -0.16516 -0.002561252 -0.06319763 -0.2143555 0.007293701 -0.0444148 0.009081037 0.3672038 0.190419 -0.06982517 0.04735439 0.1076871 0.09422411 -0.1811105 0.03043315 -0.1283475 0.1231025 -0.04405821 0.05452374 -0.2393687 -0.1256757 -0.0112415 0.2164517 -0.08954738 -0.008015701 0.1289122 0.1441309 -0.02065008 0.2395027 0.1037952 0.1605254 0.133543 -0.1637009 -0.05351595 -0.2699831
-0.05003327 0.09781027 0.07867639 -0.05815971 -0.01181147 -0.02885238 -0.1140149 0.2050646 -0.1034399 0.09533372 0.08557498 -0.1336369 -0.1481992 0.00560649 0.04370243 0.02789506 -0.2420541 0.0385746 -0.1801553 0.2248133 -0.02255209 0.0183547 -0.002216975 -0.07678032 -0.05048199 0.05679405 0.04399057 -0.02973437 0.1101296 0.02792 -0.1230559 0.1032249 -0.1662845 0.1122312 -0.4711022 0.3531132 0.1305365 -0.108716 0.004792761 -0.1096071 0.005588962 -0.1880712 0.1105807 -0.02188529 -0.04866852 0.02417074 0.08914991 -0.1255395 -0.1748283 0.276317 0.1711208 0.129712
0.2884578 0.03161358 0.323825 0.08774287 0.06524971 0.03000276 0.1291095 -0.05988835 0.06252744 0.02296686 -0.002967114 0.04074282 0.07095942 -0.05232787 -0.2239975 0.04349086 0.1656793 0.08573931 -0.08606011 -0.05657042 -0.0740461 -0.2452223 -0.249352 0.04885452 -0.04458184 -0.04438235 0.16406 0.09226142 0.1821805 0.1057395 -0.3686254 -0.04264581 0.02438391 -0.08011161 -0.07388446 0.04494894 -0.07147016 0.1504772 -0.3780106 0.167412 0.07835179 -0.04856987 0.1727268 -0.1865257 0.09465098 0.02354912 -0.02164075 0.06894579 -0.04748211 0.05451191 -0.002600617 -0.09257995
0.1029485 0.1438468 0.1641998 0.3197567 -0.1074724 -0.009916439 -0.03065823 0.06593337 -0.1749631 0.08535102 0.01481703 -0.06832372 0.004476503 0.07828644 -0.09086469 -0.1338917 0.04004735 0.0637255 -0.1875565 -0.09661201 0.06546313 0.1716551 0.1075566 -0.03878274 0.1219086 0.07294445 0.1682061 -0.107391 -0.04211281 -0.05772913 0.2602287 -0.2861877 0.09991833 -0.01302701 0.1211405 0.2327489 0.0018123 -0.03875055 0.01746787 -0.1678812 0.167614 0.009348944 -0.004060487 -0.1742176 -0.1894129 -0.2117073 0.003438348 0.1908967 0.1381356 0.2028261 -0.03869586 -0.2988346
0.1237014 -0.01857424 -0.0003320364 0.001688064 -0.07222082 0.1264186 -0.07209533 0.2385427 0.01315907 0.02016678 -0.1643711 -0.1010956 -0.01184671 -0.03530327 0.03442644 -0.03695484 -0.2284882 0.06112323 -0.07268262 0.1552092 0.07239524 0.02299521 0.1862372 0.09511709 -0.008635768 0.19897 -0.02799879 0.0373855 0.08641915 -0.08486056 -0.2029635 0.1940761 0.1750452 -0.4863262 0.3524643 0.01494008 0.03588315 -0.05190092 0.1289063 0.137058 0.05400863 0.1157401 0.257279 -0.05239523 -0.1391874 0.1476366 0.1460597 0.01430908 -0.08500395 -0.03601502 0.04020117 0.004056835
