0.02594564 0.1892965 -0.1897549 0.4233788 -0.2239492 -0.1367652 0.001949703 0.03693815 -0.2394437 0.1190954 -0.1718969 0.1603135 -0.09834009 -0.1686501 -0.07452143 0.3353762 -0.2737886 -0.1217936 -0.01395738 -0.06826776 0.2127829 -0.05557977 -0.2105972 -0.167498 -0.15929 0.3213965 -0.1049169 -0.2000063
-0.1941736 -0.09634514 0.03143527 0.008195979 -0.1086212 -0.2747528 -0.06099651 -0.2559466 0.0580379 -0.1314607 -0.2193468 -0.1959765 0.366739 -0.2652427 0.335469 0.0840406 0.1635026 0.08768461 0.03617099 -0.2022119 0.2117928 -0.1921824 -0.2206514 0.102445 -0.04542301 0.03136453 -0.002901708 0.3783795
0.08051781 -0.08534155 0.4020297 -0.2760476 0.08583168 -0.1554071 0.1279141 -0.1505407 -0.3896882 -0.08828297 -0.3100022 0.1063533 -0.2236013 0.2226914 0.1750426 0.03733373 -0.1988971 -0.06696663 -0.01014727 -0.1975048 -0.0459395 0.1109633 0.04147631 0.1255806 0.1730362 0.1148163 -0.3475282 0.01430785
-0.3368479 0.05526038 -0.199915 0.1575915 0.06572142 0.1221572 -0.2030931 -0.2254091 -0.1497835 0.04258479 0.1542871 0.3659662 0.06991894 -0.02570744 -0.1296276 -0.04314387 -0.101731 0.3024746 -0.14707 -0.07699527 0.1058587 0.3758879 -0.04513948 0.3282752 0.2865875 -0.06577429 -0.06967938 0.1347984
0.2201116 -0.4210013 0.01151824 -0.006570692 -0.175398 -0.03428853 0.1386445 -0.3376285 -0.03768975 0.3199377 0.1615795 0.0634739 -0.110562 0.1254282 0.005228995 -0.2503618 0.1016484 -0.06233853 -0.3459798 -0.114584 0.07153263 0.1376144 -0.2861256 -0.007867719 -0.2545571 0.09912911 0.2376355 -0.01626086
-0.09595957 -0.00805104 -0.1733399 0.06265229 0.02711728 -0.4184364 -0.05116696 0.1190849 0.05534296 0.154703 0.05485607 -0.2017265 -0.232885 0.0966062 -0.1521527 0.0747945 -0.01760145 0.09098099 -0.3324317 0.04453964 -0.195595 -0.04497656 0.398112 0.1256511 -0.1813686 0.2173351 -0.1363713 0.4083503
0.2865587 0.1164697 0.007446543 -0.02945979 -0.1642927 -0.1112337 -0.4077239 0.05122853 0.1913748 -0.2651847 -0.3707123 -0.01906448 0.04495994 0.3612656 -0.05332225 0.199335 0.0640697 0.05516726 -0.2449254 0.1402683 0.02963665 0.2154784 -0.1256554 0.1139468 0.1047231 0.02911689 0.3120812 -0.0566866
0.001725646 -0.09686958 0.1385666 -0.003245903 -0.2960787 -0.2873558 -0.144423 0.1957108 -0.09053677 -0.1149331 0.2338517 0.336348 -0.1714438 -0.07051415 0.19864 0.1155238 0.07569223 0.407603 -0.03631574 -0.204142 -0.2061364 -0.118234 0.02429551 -0.2922734 -0.002074724 -0.3083716 0.08295603 -0.07928866
-0.1990112 -0.1072532 0.3746249 -0.109747 -0.1261096 -0.06519486 -0.09584596 0.02146668 -0.00428838 -0.01302734 0.03615945 -0.09638768 -0.1296269 -0.2087154 -0.09698726 -0.1860335 -0.348565 0.1662821 0.06598052 0.4772947 0.2462842 0.1049334 -0.02272931 -0.255501 0.109651 0.2206057 0.2156428 0.1599
-0.2582545 -0.03448397 0.005744009 0.0502015 -0.3994 0.1161053 0.4311946 -0.004777392 0.2050215 -0.2091139 -0.0003043875 0.04844987 -0.08996912 -0.1577845 0.2849595 0.2008166 0.1104975 -0.2288175 -0.2628689 0.2335176 -0.1551177 0.2637592 0.1143606 0.1082825 0.1121871 0.01557398 -0.04321324 -0.08156602
0.1716641 0.1998363 -0.01734768 -0.04712184 0.2868643 0.03486625 0.2957671 0.2852946 -0.09495271 -0.02430214 -0.05016295 0.01164392 0.1001042 0.0005442569 0.1931012 0.007654867 0.09707954 0.3411062 -0.2308024 0.204458 0.2609289 0.3037918 -0.175162 -0.1439044 -0.3274438 -0.1383034 -0.2009732 0.1293036
0.07838133 -0.1926484 -0.1788211 -0.01494169 0.2511512 -0.1602826 0.09270845 -0.0422121 0.2376894 -0.4180274 0.2068337 0.3143155 0.178035 0.1361033 -0.006214004 -0.0318362 -0.3511964 -0.253485 -0.2468504 0.005353065 0.1666812 -0.2079731 0.002317744 -0.2281632 0.1146048 -0.0007951763 -0.08166137 0.09923796
0.1419913 -0.2767935 -0.1186401 0.05273935 -0.084308 -0.1854521 0.0006749259 0.1368907 0.153022 0.3287607 0.06671115 0.08467356 0.04476593 0.188508 0.1494171 0.08465691 0.029855 0.1041631 0.2382983 0.4396946 -0.02037044 -0.1595814 -0.2817606 0.2198481 0.2779862 -0.00811158 -0.3495639 -0.03125907
0.1399715 -0.2609357 0.02321749 -0.08177265 -0.05324338 0.01686255 -0.0734271 0.183861 0.08510594 0.1465655 -0.06240515 -0.01161456 -0.2357438 -0.222178 -0.149209 0.2581297 -0.01968988 -0.2395621 0.02621709 -0.1325812 0.5134422 0.112526 0.1898627 0.1418826 0.03759998 -0.4565614 -0.01034341 0.1331072
-0.1721139 0.01441786 -0.07846373 0.1544275 0.3130167 -0.03490215 0.1440044 -0.400907 0.2364822 0.1329213 -0.08791199 -0.0125004 -0.3115894 0.2901642 0.2421958 0.317957 -0.04039921 0.1488181 0.2630666 0.03251344 0.07211254 0.06731416 0.1019541 -0.2252341 -0.02247302 -0.1023307 0.2471685 0.004732913
-0.1275551 0.269376 -0.01323083 -0.1994737 -0.06922887 -0.02321267 0.2601365 0.04760449 0.008508061 0.1671078 -0.06403327 0.09831748 -0.09717728 0.133357 -0.1934592 -0.03975663 0.402577 0.08436813 -0.214103 -0.0901239 0.3408296 -0.3218742 -0.002832542 -0.1659353 0.4365002 0.1498678 0.06656627 -0.007165907
-0.1078508 -0.3198477 -0.1789041 0.2180113 0.2466121 0.01905465 -0.3290702 0.1720734 -0.123594 0.007875001 -0.2326898 -0.02675563 -0.1054838 -0.1108439 0.3055079 -0.2628638 0.3114868 -0.148773 -0.1047297 0.02087585 0.03813188 0.1503016 0.1443952 -0.3031081 0.1929974 0.1427493 -0.08169104 -0.1406413
0.3462108 0.0610016 -0.1304786 0.1016206 -0.1172785 0.3898439 -0.05504865 0.0175852 -0.01689558 -0.2788316 0.1904797 0.008891058 -0.4040488 -0.01082675 0.2946665 -0.0840912 0.02156026 0.1401379 0.1283462 -0.0520355 0.157023 -0.1830676 0.03458424 0.1878168 0.03199589 0.2844879 0.01907945 0.3034481
0.08308777 0.2879629 -0.1344464 -0.1918165 -0.04078114 -0.1678864 -0.03509704 -0.01125635 0.1182739 0.2830867 -0.1627905 0.2566425 0.06870632 -0.1402589 0.4105712 -0.3312394 -0.2578401 -0.01724201 -0.05148697 0.05563715 0.1133726 -0.1043058 0.3121396 0.2333855 -0.08715082 -0.0381521 0.1882853 -0.2055778
0.1942458 0.2268012 0.3175539 0.260979 0.0895975 -0.05841381 -0.0308243 -0.06700778 0.5801409 0.1121942 -0.07008036 0.02709815 -0.1670894 -0.2523842 -0.07284171 -0.2060244 -0.0253376 0.02369891 -0.07063389 -0.2373053 -0.1355334 0.1375086 -0.1686336 -0.07955968 0.1509646 0.006487621 -0.2669079 0.04701297
-0.2454806 -0.1127875 0.2911791 0.3047718 -0.004442272 -0.005987185 0.0959585 0.2324256 0.1046858 -0.1041766 -0.2152203 0.4486638 0.004623045 0.2413672 -0.1362375 -0.2023781 0.2006813 -0.07448397 0.2172674 0.02303714 0.1003199 -0.08928014 0.05907425 0.2083044 -0.3398677 0.0639144 0.07896502 0.1205449
-0.1471176 -0.01890628 0.1036731 -0.3495704 0.2544804 0.232541 -0.1905112 0.2533198 0.1229065 0.2657354 0.05957384 0.2723383 -0.002537149 -0.1239622 0.1543725 0.3690383 -0.01350287 -0.1650607 -0.09993902 -0.08715568 -0.2004456 -0.02264145 -0.2378068 0.00690207 -0.0671308 0.2815551 0.164185 0.1840652
-0.06270667 0.264166 0.1975505 0.2981482 0.2096371 -0.1213252 -0.05565661 0.006034286 -0.293139 0.00591205 0.1461136 -0.09700466 -0.2017963 -0.001099139 0.1465798 -0.05845255 0.01603297 -0.3254578 -0.2280076 0.2205758 -0.07711558 -0.2260537 -0.2686463 0.1708357 0.1102506 -0.3474964 0.2064858 0.1159538
0.3103826 -0.2033769 0.00690671 0.08220192 0.3376986 -0.159213 0.2625788 -0.07696522 -0.1018876 -0.1239844 -0.1388974 0.1560536 0.007813152 -0.4543287 -0.2025999 0.1490442 0.1368364 0.2050666 0.009160071 0.132817 -0.1589438 -0.06581217 0.09449248 0.220479 0.1417212 0.1372366 0.2931873 -0.1076467
0.1254737 0.2395943 0.05803268 -0.192147 0.00367827 -0.2332745 -0.2429693 -0.3536373 -0.03904991 -0.08636931 0.2829446 0.2477564 -0.0360764 -0.1144646 -0.05015684 0.08077627 0.4143593 -0.2545298 0.1816935 0.2639531 0.1045192 0.1594087 0.1028965 -0.07984016 -0.1804602 0.09801229 -0.1987973 0.004005732
-0.247337 0.003084055 -0.3866714 -0.3342645 0.04581084 -0.1900673 0.0303453 0.05380401 0.09330631 -0.2513132 -0.1664509 -0.01870949 -0.4582499 -0.1278646 -0.1421952 -0.2137165 -0.007650755 -0.005536759 0.1279695 -0.01705272 -0.06216915 0.01815515 -0.4160847 0.1088932 -0.1400264 -0.07941172 -0.02058377 -0.105348
-0.1320357 -0.1190462 0.1480259 -0.03347569 0.06206439 0.3114263 -0.2301732 -0.2666892 0.0922593 -0.04685932 -0.1427522 -0.001674329 -0.1139641 -0.07888342 -0.06194395 0.1137648 0.007164936 0.2197766 -0.3619491 0.2062272 0.06613714 -0.4238575 0.05769375 0.07659426 -0.2518473 -0.09751101 -0.2895407 -0.2854101
0.1472491 0.02969125 -0.2025471 -0.03764151 -0.1835912 0.2209132 0.0275542 -0.1832854 -0.1193726 0.1203482 -0.4170519 0.2576412 0.01522414 -0.07107959 -0.1218262 -0.08433926 -0.02487267 -0.07428478 0.01808044 0.1983047 -0.2930364 -0.08609895 0.01558812 -0.3063883 0.02489029 -0.2540674 -0.03823219 0.4711996
