0.1592384 0.3477388 -0.5761335 0.4237685 0.03295251 -0.2600518 0.3506655 0.02907984 -0.3401411 0.1843652
0.4585148 0.3983445 0.001058995 -0.2383224 0.4782795 0.3424331 0.1504073 0.1407924 0.3825369 0.1987365
-0.1897336 0.05020331 -0.1282175 0.4210981 0.2133168 0.1678978 0.0173685 -0.6717093 0.4060229 -0.2787008
-0.4646288 0.07322606 0.03186909 -0.1180425 0.4056078 -0.3705872 -0.2400482 -0.1367824 0.05502016 0.6185435
-0.1441567 0.3114876 -0.1486732 -0.35044 -0.4007926 0.4963972 -0.04276722 -0.4164418 -0.2841881 0.2724368
0.335206 0.4565019 0.2040373 -0.0174526 0.09173959 -0.2940354 -0.5731568 -0.2158144 -0.2806785 -0.2976057
0.05062533 -0.1812722 -0.423901 0.2980347 0.009618387 0.3615436 -0.6744067 0.2922253 0.0610432 0.145973
0.5082498 -0.2401283 0.3428528 0.3306986 -0.2871813 -0.06910125 -0.008334663 -0.2857274 0.1014309 0.527129
0.2222529 -0.5216465 -0.09794588 -0.1645617 0.5167831 0.1574264 0.06235922 -0.2793813 -0.5166032 -0.03384285
-0.2628826 0.2108607 0.529193 0.4732711 0.203617 0.3955366 0.08582632 0.2105702 -0.3600709 0.05597984
