0.09661031 -0.09162256 0.1042633 -0.1039715 0.1537679 -0.2367044 0.1416873 0.1978414 0.265533 0.2339388 -0.22829 -0.2806836 -0.3149839 -0.3054518 -0.245377 -0.2611938 -0.262513 -0.221015 0.02847055 0.05042953 0.08955483 0.02641847 0.104947 -0.08756988 0.09812672 0.2032099 -0.01754644 -0.09704841 -0.1677738 0.08547561
-0.1415723 -0.1830676 -0.2521061 -0.2720125 0.03748957 -0.02957132 0.04037615 0.1653806 0.1367178 0.1368058 0.3122471 0.3057673 0.3132123 0.2816695 -0.1890149 -0.2089434 -0.2171054 -0.2620284 -0.08820188 0.04407381 0.06648854 0.1139032 0.06079366 0.03456949 0.0377329 -0.1449615 0.03700197 -0.2512207 0.1480286 0.1891531
0.2510966 0.1892028 0.09089793 0.1806997 -0.1057322 0.04076945 -0.3190956 -0.3148368 -0.1522515 -0.2528645 0.09121738 0.01033533 -0.07474591 0.08215054 -0.288394 -0.3230092 -0.3172798 -0.2201305 0.1328989 -0.3144358 -0.08916581 -0.07937765 -0.1612763 0.02705838 -0.06526713 -0.05674487 -0.02595832 -0.1680962 -0.08780918 0.01709738
-0.4635151 -0.1152154 0.139358 -0.1484105 0.04318506 -0.1483032 -0.160923 -0.1244958 -0.2293068 -0.3425911 -0.1707224 0.05018743 0.07964747 -0.181569 0.05577628 0.03610456 -0.01709692 -0.1590206 0.2139529 -0.187 0.2190131 0.147671 0.1677966 -0.01679524 0.2775378 0.1994977 -0.09947683 0.06086626 0.2312887 0.1771456
0.2032055 -0.383261 -0.2991928 -0.3016122 0.2443349 -0.2299331 0.04093972 -0.2261503 -0.208808 -0.1963624 -0.05424751 -0.08779454 -0.02518812 -0.02676183 0.09831995 -0.08441245 0.0251871 0.1694478 0.05181916 -0.01775637 -0.3005161 -0.291715 0.1644151 0.1061214 0.02669128 -0.04754292 0.303326 -0.06593895 -0.08720793 0.04482532
-0.05090386 -0.11202 0.08311149 -0.2028801 -0.06290668 0.1294547 -0.03769467 0.07728075 0.0770338 -0.09536585 0.04197959 -0.0906843 -0.07548417 -0.06813457 0.09554732 -0.02285554 0.08253195 0.114296 -0.06420895 -0.0479526 0.3461675 -0.4552671 -0.2823361 0.09848386 0.03275398 -0.3068564 -0.3198323 -0.05616573 -0.2227072 0.413022
0.09735141 0.007206309 0.09379808 -0.02422342 0.3539384 -0.02466042 -0.3233349 0.08819195 -0.1274298 -0.1643518 0.03084785 0.06871132 0.09480843 -0.03272406 -0.08370425 -0.1536163 0.06582747 0.07484228 -0.30184 0.333313 -0.008837014 0.01458049 0.2641192 0.162934 -0.2606463 0.1716858 -0.4831726 -0.02408826 -0.03885571 -0.1077058
-0.1027348 0.1090826 0.02274804 -0.026132 0.2446391 -0.2885763 -0.1403997 -0.119344 0.004906211 0.01834796 0.1396453 -0.0349235 -0.06757335 -0.1400433 0.2375589 -0.03497528 0.06583549 0.04408153 -0.3261832 -0.128419 0.1293876 0.04748815 -0.2009745 -0.5756665 -0.2121239 -0.1117397 0.1309564 -0.2841735 0.1354365 -0.05173738
0.0006747417 -0.1380416 -0.04986291 0.1415572 -0.0225246 0.1583513 -0.1406254 -0.2600931 0.05320711 -0.01265084 0.2081894 -0.1565413 0.05360465 0.02387441 -0.02910294 -0.1110945 0.0350631 0.1631036 -0.3710674 0.01644511 0.3434045 0.2654306 0.1239583 0.06222695 0.4045848 0.08947409 0.2473518 0.05402818 -0.3839667 -0.03609663
0.1251193 0.02000781 0.3601964 -0.006868761 -0.008840709 0.1273962 0.01349416 0.03481945 -0.05397744 0.07745346 0.2210924 -0.01175077 -0.02243585 0.09489391 0.09123091 -0.08287497 0.1662518 0.3098489 0.3088958 0.1107995 -0.2580811 0.193848 0.1491364 -0.1975752 0.1625947 0.1352038 -0.04256614 -0.399976 -0.04206874 0.3856716
-0.008030001 -0.3068328 -0.241589 -0.2475806 -0.5230338 0.240472 -0.1966694 -0.04690376 0.0939487 -0.1021906 -0.1711353 -0.03747059 -0.06389209 -0.1192981 0.104587 -0.06943876 0.06129379 -0.02977059 0.07536607 0.1533024 0.01629583 0.1685595 -0.1005483 -0.145054 -0.2433839 0.205793 -0.08541159 -0.2783087 -0.06196017 -0.2144596
-0.04649434 -0.02156079 0.1006751 0.08200899 -0.08707749 0.02850165 -0.03951403 0.09162362 -0.1761493 -0.001883652 -0.04505066 -0.0661652 -0.04354381 -0.03024331 0.007066124 -0.03941727 -0.07628655 -0.0517625 -0.3402295 0.3058606 -0.2035692 -0.2241292 -0.420334 0.1718374 0.4030725 0.2295045 0.1064493 -0.2121641 0.3633524 -0.03329841
-0.150824 0.05465589 -0.07010592 -0.03266778 0.2242869 0.3738776 0.365657 0.002501831 -0.07775505 -0.08190587 -0.02959779 -0.2234242 -0.02622234 -0.07509418 0.02620417 -0.1268526 0.04709232 0.02639879 -0.1958624 -0.3541217 -0.06481564 0.2532107 -0.1272229 0.3179003 -0.3304616 0.1866509 0.05079554 -0.1449028 0.08416639 0.1757337
0.02626601 -0.2654248 0.3400914 -0.3112674 0.145723 0.03465589 0.1867135 -0.1195925 0.007108347 0.06361567 0.1828647 0.1728669 0.08042165 0.1643652 -0.0540313 0.06349144 0.02986784 -0.09549498 -0.01930056 -0.2135708 -0.1254975 -0.05253256 -0.3260604 -0.1699993 0.06105876 0.3310518 -0.1767325 0.2146959 -0.235442 -0.2846925
0.00395309 0.2088363 0.2225357 -0.161019 0.07031899 -0.2371013 0.001680545 -0.1897293 0.2290667 0.05974904 0.05401539 0.1165472 0.01035162 -0.03885155 0.2321528 0.02438265 0.1220053 -0.0637658 0.2199336 0.06370068 0.2218843 0.01918398 -0.06315069 0.5332495 -0.02518684 -0.005271838 0.1350364 -0.3689231 -0.06445576 -0.2943346
0.02899907 0.1218625 -0.2367333 -0.005907602 -0.1548473 -0.3974683 -0.2172595 -0.02106811 0.2231027 0.1426619 -0.1095511 -0.02096352 0.05548182 0.1104464 0.2664268 0.02876846 0.02725861 0.03009785 -0.184171 -0.2733727 -0.3401892 0.2085668 -0.1250253 0.1713414 0.1286544 0.144762 -0.2908252 0.08624753 -0.1359973 0.2577429
0.1017646 -0.1037005 0.05983313 0.1000075 -0.1804989 -0.01081957 0.1288885 -0.1494414 0.4099766 -0.06438794 0.09044425 -0.05243752 -0.06106232 0.1439161 -0.01785397 -0.1536877 0.1177591 0.1583546 -0.1318531 -0.2864638 0.09640129 -0.3236645 0.3545044 -0.02289325 0.0377842 0.1803707 -0.1444043 -0.03097943 0.4637323 -0.1125633
-0.1502203 -0.53448 0.3161756 0.3311869 -0.09634984 -0.1518533 -0.03943999 0.1395979 -0.02343474 0.07819398 0.03352459 -0.1599429 0.1842331 -0.169202 -0.01046572 -0.0279655 -0.03886772 0.04646451 -0.03075229 -0.1709809 -0.1993478 0.1326227 0.0008844701 0.1538639 -0.07664562 -0.3974443 -0.0759226 -0.1085697 -0.005136399 -0.188754
-0.1073116 0.2629816 0.09977477 -0.1806917 -0.2823308 0.01446362 0.3407882 -0.1295911 -0.2443744 0.08395741 -0.2122056 0.3109725 0.05218255 -0.2059692 0.006567811 -0.09866297 -0.1655821 0.1224253 -0.3151625 -0.08130653 -0.1277536 -0.07097326 0.2807527 -0.05764941 0.124038 -0.176976 -0.1344827 -0.1724368 -0.1989206 -0.1204195
-0.1534934 -0.05221485 0.1776399 0.06903836 -0.2860356 -0.2909575 0.0001464261 0.1170868 -0.07306921 -0.02104801 0.1567538 0.2159545 -0.02938126 -0.01682483 -0.002285789 -0.1320404 -0.2492909 0.3232644 -0.04088682 0.0746159 0.1175443 -0.09589974 -0.04806033 0.1087125 -0.3960925 0.3229423 0.3062686 0.2120158 -0.07759182 0.2113134
0.2819487 -0.2313335 -0.08744834 0.2759166 0.04765212 -0.1465849 0.4023182 -0.3389747 0.01621732 -0.1526402 -0.06736474 0.3083967 -0.1242875 -0.07072093 0.08010637 -0.04688915 -0.06600012 0.009831938 0.0247497 0.2494652 0.1659365 0.2826918 -0.2128255 -0.004710974 0.0101024 -0.07530679 -0.242106 0.0390098 0.1330479 0.1635278
-0.06714317 0.003361027 -0.3158719 0.1221925 -0.03317125 -0.1156458 0.1474586 0.1705969 -0.3588298 0.07679617 0.4432288 -0.1791233 -0.252158 0.04838851 0.1928266 0.1180608 -0.2551784 0.05243381 0.1638857 -0.09283689 0.150173 -0.05324133 0.06598309 0.03714686 0.09121373 0.1375868 -0.3039591 -0.1508442 -0.05577068 -0.2350437
-0.07716599 0.05159713 0.1240666 -0.2984052 -0.1637711 0.02108755 -0.03878188 -0.2590315 -0.1060035 0.2084515 0.3363763 -0.1978631 -0.2972842 -0.09014931 0.123282 -0.2902578 0.09648668 -0.1813145 -0.03107455 0.1862521 -0.1425096 0.1394394 0.06201103 0.09453723 -0.05689552 -0.2326578 -0.03992473 0.3876015 0.2176916 0.0343099
-0.05687296 -0.07374808 0.05630025 0.1681007 0.1951785 0.3572357 -0.1069792 -0.05411597 0.2051419 0.06954744 -0.03139869 0.13761 0.06255314 -0.0841718 0.624633 -0.1054445 -0.4440689 -0.157576 0.04763912 0.04861437 -0.1136222 -0.167275 0.125608 -0.04411177 1.929611e-06 0.05379756 0.0421498 0.08383214 -0.05400407 0.02827472
-0.3649245 0.07319992 -0.2331968 0.1239308 0.1402596 0.06147161 -0.02437189 0.09837833 0.2933963 -0.2046569 0.202354 0.3117022 -0.241036 -0.303201 -0.1711937 -0.2611115 0.1799545 0.2018298 0.1466672 0.0005090974 -0.2625461 -0.0352901 -0.1327053 -0.0005059791 0.1568691 -0.04356471 -0.02041178 0.04933473 -0.1043995 -0.1474744
-0.4607743 0.04530976 -0.100723 0.2122624 0.02933595 -0.08384784 0.1421062 -0.458346 0.0370409 0.19461 -0.07815435 -0.286666 0.251672 0.1812915 -0.1420704 -0.07720682 0.03170133 -0.02532647 0.1284952 0.2793195 -0.07965106 -0.2256554 -0.03513497 -0.08573308 -0.136602 0.1017483 -0.1370264 -0.08694791 -0.1491301 0.05264553
0.1294518 0.08763857 -0.07022684 0.03949494 -0.003395854 -0.06268361 0.08695275 0.2369526 -0.196037 0.06787212 -0.1776562 -0.06623134 0.3434813 0.06494523 0.219783 -0.6657278 0.2063991 0.08576493 0.1867092 -0.05688244 0.1865982 -0.003760711 -0.1474857 -0.07797176 0.1037459 0.01199556 -0.007623213 0.143239 0.02258567 -0.1613431
0.09719488 0.1375002 0.04905749 0.06156156 -0.191791 -0.1398229 0.2782481 0.1474908 0.1282805 -0.5113114 0.3008359 -0.1984896 0.2751239 -0.1779343 0.1278061 0.04016502 0.1259497 -0.3959 -0.08690998 0.1350532 -0.1339065 -0.05593715 0.08644523 -0.08178756 -0.01625956 0.05665896 0.05048699 0.01477158 -0.1822426 0.06143888
-0.1415077 -0.1506224 0.05255665 0.2435577 -0.02950574 -0.03724999 0.01512108 0.1107351 -0.1723509 0.02618934 -0.1398562 0.2352056 -0.4231679 0.3600514 0.1262504 -0.1186045 0.3905314 -0.4045369 -0.1281165 -0.04285812 0.004077188 -0.09448429 0.1486456 0.0115614 -0.05933661 0.02880318 0.09895088 -0.1015732 -0.2044754 0.06791719
-0.1836687 0.07100822 0.1400357 -0.1566733 0.03251923 -0.06449189 0.1019605 0.115178 0.1649981 -0.4209945 -0.1796511 -0.2087634 -0.2107376 0.5344196 0.08597655 -0.08241521 -0.2905318 0.2051137 -0.03473899 0.1391293 -0.05489017 0.1870181 -0.03831203 -0.04683683 0.04405896 -0.2130634 -0.01129281 0.02551109 -0.03151559 -0.1608387
