0.1994904 0.03852484 -0.06918513 0.06991806 -0.1285872 0.2784432 0.04345029 0.138247 -0.1015418 0.2423032 -0.08122337 0.1530813 -0.1471549 0.0247258 0.2764732 -0.105892 -0.2682335 0.02761894 0.1922399 -0.1728795 0.080464 0.07002747 0.0751652 -0.2026624 -0.2495017 -0.006459731 0.1059163 0.02467883 0.07397239 -0.2035902 -0.1760716 -0.09132461 0.07159328 0.03799681 0.06030439 0.03578591 0.07720059 -0.1275289 0.009913583 0.09689303 -0.05181783 0.08352512 -0.001591998 0.2225417 -0.166324 -0.1865365 0.005207592 -0.1373596 -0.1986807 0.004925863 0.1112917 -0.1770524
-0.13731 -0.1727551 0.123797 -0.04661256 0.1302795 -0.2061467 -0.00353346 -0.2131082 -0.3207229 0.1111457 0.0106682 0.1695015 0.02226596 -0.1450082 0.005301973 0.1807614 0.116092 0.2659823 0.1645468 -0.2670367 0.06439301 0.2769069 -0.1110836 0.01066177 0.1055 -0.1658863 0.1463113 0.1392095 -0.04233 -0.1764589 -0.03735398 -0.04708949 0.1305659 0.1012794 0.01398104 0.08483006 -0.1377006 -0.09340669 -0.1209612 -0.2318643 0.1814599 -0.005643313 0.005704607 0.02636473 -0.169238 0.06627827 -0.06974363 0.1090375 0.0450004 0.02680025 0.1294226 0.07080333
0.1805588 0.1375807 -0.08332607 -0.1347817 -0.1532667 0.03817189 -0.1729752 0.1507581 -0.05162718 0.08029653 0.1170738 -0.1417626 0.05885966 0.06076935 -0.01666759 0.1425856 0.1827577 0.1750817 -0.1154035 0.133145 0.2649898 0.1851279 -0.1211391 0.006551026 0.2002321 0.1195091 0.006178497 0.1586741 -0.0131424 -0.05802538 0.1573633 -0.1003318 -0.08922386 0.006485745 0.1990301 0.1680421 0.1776264 0.05322467 -0.06235482 0.04078148 -0.1316123 0.1077409 0.3382075 0.1399898 -0.2318979 0.1848671 0.05681572 -0.08798303 -0.08982652 0.02547275 -0.2357358 0.03003563
-0.04902293 0.2867616 -0.2702163 0.005116011 -0.08873494 0.01757703 -0.1017332 0.1073836 0.09815684 -0.08057474 0.2608412 -0.0467896 -0.08868321 -0.3232851 0.1424664 -0.165079 0.08978807 0.1560468 0.06447993 0.06531035 0.02951382 -0.1101689 0.09567472 -0.005531611 -0.1140749 -0.1390814 -0.1461366 -0.1080346 -0.1829519 -0.07957065 -0.1031053 -0.004575481 -0.09821637 0.02775369 0.1536164 0.1584537 -0.1645571 -0.1917386 -0.2240629 -0.02001328 0.1566544 -0.1162531 -0.001166634 -0.01605613 0.08210031 0.04429977 0.1334263 0.179803 -0.1012241 -0.05607668 0.13279 0.2921778
0.2174288 -0.181187 0.1735452 -0.2349648 -0.1033896 -0.03226736 -0.1384242 0.039716 -0.1241799 -0.2042386 -0.08602393 0.03873494 -0.2907261 -0.08404088 -0.1817172 -0.2214962 -0.0004092932 -0.03200604 0.1798512 0.1865782 0.1244174 0.006951026 0.05610692 0.1922383 0.1442445 -0.2888366 -0.1263223 -0.2739971 0.1083199 0.01733216 0.04343425 0.06744934 0.1202403 -0.00665329 0.1777956 0.08867713 -0.1194157 0.1489063 0.04053782 -0.04189981 -0.1284663 0.1076274 0.073305 0.02835508 0.02084163 -0.03113398 -0.06998643 -0.1136471 -0.0846071 0.08754532 0.2434339 -0.05896847
-0.03055914 0.002179187 0.04005809 -0.003602847 -0.1016405 -0.05636369 0.3791066 -0.1462291 0.1864214 0.1109124 0.05532386 0.2183838 0.002083946 -0.1804856 0.05738502 0.1309803 0.02133121 -0.1092973 -0.05435678 0.1080554 0.06970588 0.1102213 -0.1995533 0.1861238 -0.1507627 -0.1283423 -0.2592562 0.07352848 -0.04889622 -0.2043125 -0.02344992 -0.04399688 0.1538785 -0.05555162 0.1022917 -0.03916112 0.1001043 0.06047652 0.186823 -0.07808358 -0.2368388 0.09023422 0.1002099 -0.1479186 0.006361134 -0.09032323 0.2944077 -0.09418651 0.03793112 -0.2894073 0.02598127 0.1088092
0.08622983 -0.191623 0.1820171 0.1494032 -0.03053881 0.04939605 -0.1175812 0.2271498 0.02431419 0.004680188 -0.0893601 0.2209985 0.06499812 -0.01259807 0.03565221 -0.1547911 0.1087648 -0.05369803 -0.118712 0.007755013 0.3459556 0.2372351 0.274322 -0.222084 0.06772073 -0.05959093 -0.2262719 0.1257168 0.1954911 -0.08669818 -0.02290486 -0.07712148 -0.09611206 -0.03309132 -0.07676707 0.003650612 0.1264367 0.013118 -0.04049013 0.04161651 0.0894252 -0.08396509 -0.08290038 -0.1436734 0.1331466 -0.09465821 0.1225667 0.1636907 0.3039966 0.1104488 -0.05181231 0.183466
-0.1164947 0.02041174 0.004972545 -0.02939989 -0.2660002 0.05389274 0.2042888 0.0829031 0.001118484 0.1501375 -0.1260228 -0.01075528 0.1041616 0.07995485 -0.1585287 -0.1421178 0.1429377 -0.1949413 -0.2319408 0.03352251 -0.03456756 0.04519274 0.1468327 -0.133407 -0.06402712 0.0235472 -0.0404337 -0.0971187 -0.07401496 -0.01868818 -0.07581868 0.02196046 0.3075553 0.2780205 -0.1100206 -0.07701486 -0.2097256 0.07221873 -0.1821234 -0.169384 0.0398272 0.1248374 0.2156822 0.3711278 0.07639986 0.1689863 -0.1313218 0.0594012 0.05992692 -0.08693659 0.01376465 0.09541827
0.03752578 -0.02254385 0.07508217 -0.1891592 0.08077731 0.05402812 -0.006191668 -0.09464819 0.1779347 -0.01438457 0.2694294 0.1579809 0.03332069 0.01931368 0.06250329 -0.03617079 0.02312707 0.02798258 0.04323393 0.07405692 -0.139598 -0.004573815 0.1517966 0.1086731 -0.02261557 0.2620268 0.2384877 -0.1780213 -0.08696918 -0.2391783 0.006645376 -0.3064701 0.06749663 0.175127 0.08579875 0.1181923 -0.1557733 0.1694849 -0.09028937 -0.05497317 -0.1184211 0.02702845 -0.1350804 0.02407015 0.03480933 -0.1743389 0.09736413 -0.1381502 0.2699868 0.3137187 -0.1878205 0.03924247
-0.1595405 -0.119907 0.1194833 -0.04095965 0.04758002 -0.01884877 0.05695768 -0.04432439 0.02508032 -0.10324 -0.1055044 0.2069905 -0.1906341 0.021784 0.02676969 -0.1743912 0.05267725 -0.1255336 0.1353432 -0.07701012 -0.0276844 -0.04070765 0.0901676 0.02549124 0.03303682 0.09786721 0.09449086 0.09989759 -0.2779713 0.1120356 -0.09339518 0.2010918 0.0979057 -0.3319224 0.1067868 -0.1323985 0.02548418 -0.2171884 -0.1972726 0.249551 0.06270249 0.1370704 0.2106873 0.03519695 -0.1177048 0.1842431 0.2454287 -0.1508273 0.03648227 0.1551501 -0.2046023 0.12859
0.1831346 -0.09975488 0.2361303 -0.04162029 -0.2945102 -0.1253544 -0.009924061 0.1450949 -0.0213523 0.02746278 0.280808 -0.07977498 0.1559587 -0.2019307 -0.001403213 0.05235537 -0.1866939 0.08143455 0.03891025 -0.01316822 -0.136922 -0.05945906 0.02952312 0.2096852 -0.1042786 -0.1171208 -0.01009281 0.07344872 0.2481234 -0.03149888 0.03204416 0.1774915 -0.07480995 0.09221087 -0.3020572 -0.249092 -0.05301935 -0.07865691 -0.02158615 -0.03028864 0.1998263 -0.0702 0.02106817 0.09611259 -0.04933277 0.06720971 0.1766222 -0.2235332 -0.07835403 0.1130076 -0.2027418 0.07242394
-0.01802861 -0.04384839 0.07881454 0.05568843 -0.04825762 0.1057986 0.007383856 0.24873 0.05123656 -0.2436613 -0.03021503 -0.04692303 -0.1876499 0.2038673 -0.06265207 0.03345127 0.02701069 -0.02473815 -0.01961365 0.1382694 0.09779673 0.01695971 -0.04020099 0.1950683 0.03328685 0.1696089 0.07618691 0.01521236 -0.147745 -0.2145254 -0.2438044 -0.2024945 -0.1493353 -0.08358134 -0.07923095 -0.3370374 -0.07650476 0.0255358 -0.1209187 -0.3062126 0.1388293 -0.1421444 -0.006511745 -0.1271319 -0.3280584 -0.03579508 -0.01319916 0.02425796 -0.03258911 -0.2091573 0.1136884 -0.06604793
-0.02696996 0.01187822 -0.08257837 0.0801631 -0.155844 -0.1180606 -0.0301359 0.03805425 -0.007145854 -0.05658632 0.1386176 -0.06843653 -0.08325972 -0.1594323 -0.2318315 0.01420657 0.1317559 0.2297668 -0.2439788 -0.1727957 -0.1824855 -0.06396641 0.1776077 0.05298231 -0.0551663 -0.1236097 -0.01233007 0.1979276 -0.02843695 0.0303299 -0.3559864 -0.1217962 0.1231885 -0.1978521 -0.02242053 0.0260156 0.1814708 0.2757432 -0.04880491 0.1690909 0.04986122 0.3092574 0.00199544 -0.0653909 -0.0555308 -0.2395212 -0.1541657 -0.01146684 0.03834592 0.04832253 0.01080074 -0.1162472
0.02267788 0.02788745 0.005625264 -0.07337381 -0.006660276 0.01924212 0.03080731 0.1355682 -0.2510637 0.09516631 -0.1669396 -0.07810229 0.19794 -0.06775953 -0.1885691 -0.1078642 -0.158157 -0.05472151 0.02096002 -0.02293088 -0.1083228 0.1144889 -0.08596001 -0.03598535 0.04721262 0.01193356 0.1233225 -0.274691 -0.2558917 -0.1335755 0.06241881 0.003365512 -0.1862028 -0.2676849 -0.1964618 0.1787962 0.07241543 0.09314225 0.02458478 -0.1989245 0.1007533 0.2270591 0.066725 -0.04020703 0.1381415 -0.2252665 0.312558 0.1844154 -0.1367573 0.002088836 -0.1177887 0.02982435
-0.1775434 0.1009946 0.004166092 -0.3652797 -0.213202 0.1311274 0.0313426 0.03375833 -0.1258681 -0.03386522 0.130395 0.01197117 0.1907262 -0.03259302 -0.1665077 -0.1030194 -0.1209535 0.01057681 0.07911922 0.002584592 -0.1219828 0.2583565 0.2040908 -0.02881147 0.02644069 -0.02750195 0.06144523 -0.02049686 -0.04957678 0.001540444 0.02902136 -0.03058204 0.2086046 -0.08821737 0.2261495 -0.1198271 0.2500322 -0.1574365 0.08106737 0.04780331 0.02525874 -0.4033731 0.006782255 -0.1766696 0.06764547 0.006233543 -0.1337689 0.0363736 0.05594838 -0.1434226 -0.07851608 -0.1840578
-0.002505246 0.2206062 -0.07450394 -0.4376445 0.1083511 0.127105 0.006821631 0.03861625 0.05918131 0.09816998 -0.05941964 0.04252228 -0.115214 0.2750916 0.01417908 0.04405329 -0.0755614 0.04041709 -0.01924948 -0.1230437 0.07758556 -0.03024874 -0.1131132 -0.08407139 -0.01709669 -0.155909 -0.1613316 0.1398711 0.009252967 -0.008370752 0.1890898 0.143891 0.126286 -0.00642909 -0.04817156 -0.1033431 -0.02850708 0.2921144 -0.2596523 -0.002292925 0.2613342 0.06824655 -0.2227817 -0.1476923 -0.01535295 -0.1522562 -0.01949938 -0.1684213 -0.06425513 -0.02926757 -0.06800416 0.2237256
0.07113916 -0.2390498 0.1118511 0.06198092 -0.1694262 0.1729596 -0.0672818 -0.2205546 -0.04442263 -0.01641898 0.0509288 -0.1913815 0.05320435 0.1367516 0.04226282 0.03522592 -0.06092728 0.225462 -0.181467 -0.02166068 -0.09999236 0.02876629 0.07469523 -0.2402734 0.04341554 0.07335565 -0.2004837 -0.1050772 -0.2175676 -0.2060195 -0.08041783 0.302994 -0.02921199 0.0006164889 0.04211761 0.1886791 -0.1698294 0.09428046 -0.04458559 0.09922174 -0.01661186 -0.03512811 -0.1635643 -0.1512753 -0.08124366 0.2130901 0.2018707 -0.1719962 0.09710066 -0.1647072 0.09384376 -0.1683731
0.01977877 -0.1030378 0.1568714 -0.04643142 0.150615 -0.06508467 -0.2139553 0.03989334 -0.002037037 -0.1665885 0.1154771 -0.1260476 -0.05175867 0.1574649 0.07870468 -0.1207592 -0.007295064 -0.0304954 0.08571155 -0.005769416 0.1271154 -0.05202791 -0.01723895 0.004648145 -0.2943342 -0.04667479 0.1397097 0.1354203 -0.229444 0.01251333 -0.08781798 -0.1133101 0.2676994 0.1181353 -0.230372 0.2722582 0.1598343 0.1713906 0.3317585 0.06023518 0.1656516 -0.13383 0.1422075 0.05992391 0.1119072 0.1045504 0.05673649 -0.0418317 -0.04834619 -0.2166533 -0.02998463 0.1610873
-0.2125134 -0.06683801 0.2883233 -0.03702577 0.08077347 0.04265956 -0.0897071 0.06277862 0.01992167 0.06159563 0.04781514 -0.01545074 -0.09604602 -0.06715836 0.1007538 -0.147463 -0.139863 0.01303552 -0.1630734 -0.05233063 -0.06394432 0.06213172 -0.1882359 0.2081501 -0.08482842 0.2809226 0.05295272 0.09526186 0.2647843 -0.1903453 0.01360738 0.1827968 -0.1589248 -0.01038577 0.2792329 0.0716829 -0.0983182 0.1160435 -0.1315686 0.1616095 0.1294301 0.06040188 0.2035662 0.05783786 0.260393 -0.09999399 -0.1460469 0.1614803 -0.01967397 -0.2282736 0.01140193 -0.0378018
-0.1281588 0.1029856 -0.1936652 0.1754149 0.2492558 -0.2054189 -0.3086968 0.1976881 -0.2020396 0.1148921 0.01077582 -0.05026091 0.08870215 0.04047902 0.02184876 -0.1434197 -0.1950834 0.05429666 -0.09780237 -0.01952882 0.01661215 -0.01810354 0.2336394 0.1641333 -0.1198441 0.05218427 -0.09736289 0.1308092 -0.009843471 -0.08273498 0.2481852 0.05864039 0.2823865 -0.05692369 0.03669882 -0.1796339 -0.1766585 0.03147603 -0.01465777 -0.1456191 -0.2524521 0.0435966 0.08022881 -0.0973312 -0.05770293 0.01150954 0.1853498 -0.08554579 0.09641604 -0.007832312 0.09202246 -0.1237817
0.1347433 -0.1342414 0.1064366 0.07782798 -0.007413288 0.03428224 -0.01009441 -0.06304029 0.06942622 0.009620311 0.04597073 -0.03395679 0.2861267 0.1045075 0.104651 0.1761659 -0.07427475 -0.1605768 0.08368828 -0.01058618 -0.1371707 -0.1691574 0.0484676 -0.032489 0.2072195 -0.03193604 -0.174819 0.1592349 0.008029555 -0.08399256 0.04517611 -0.340183 0.1860229 -0.3586694 0.02797615 0.08110403 -0.1284897 0.05913703 -0.2559959 0.03918885 0.02866086 -0.1929742 0.1998317 0.04490255 0.1684524 -0.02979185 -0.04258698 -0.006079802 -0.270927 0.0650499 0.1898043 0.04116125
0.212724 0.1961481 -0.1078885 -0.1361872 0.1371596 -0.3437263 0.1280009 0.06882864 -0.03490759 -0.1315449 -0.0189068 0.186662 0.0382153 0.06932933 -0.06813428 0.0493741 -0.01457111 -0.1041261 -0.1267033 -0.2912608 0.06668704 0.02988547 0.05146373 -0.144266 -0.1283841 0.08174484 0.006065605 -0.1692912 0.2467642 -0.006002472 -0.326505 0.04837038 -0.1304378 -0.1545825 0.0948344 0.1520111 -0.1917016 0.09957594 0.0401082 -0.1218796 -0.004527618 -0.1994554 0.1543658 -0.08459411 0.04187765 0.1979991 0.01932816 -0.182271 -0.02970076 -0.03090001 -0.1044497 -0.06504595
-0.1028913 0.05919711 -0.05012066 0.02171985 0.1874711 0.1084218 -0.1391162 0.1102794 0.01282823 -0.1100665 -0.2663706 -0.03573026 0.2302069 -0.07325427 -0.09819323 0.01892053 0.0888976 0.01143311 -0.06027946 0.06408361 -0.04096187 0.2116846 -0.2940708 0.1037166 -0.03078482 -0.07674379 -0.1741205 0.03253303 -0.1484792 -0.1276593 -0.2921554 -0.0003311401 -0.01158771 0.2768226 -0.01196476 -0.06512914 0.001511437 -0.1253204 -0.04050239 0.1690797 0.03251549 -0.09340547 0.07625697 -0.0276452 0.2119402 -0.09089768 0.02186936 -0.3552591 -0.07998558 0.2945847 0.05740325 -0.1021887
-0.0583285 -0.01979998 0.08146731 -0.081843 0.08103374 0.103897 0.04570418 0.0777739 0.004390549 0.2017721 -0.1990513 -0.04259453 -0.05234314 -0.1145642 0.009491424 0.0652624 -0.04952331 0.1019122 -0.05319111 -0.07496867 -0.03318009 0.009698338 0.1924354 0.04508597 0.07307979 -0.1513267 -0.01202875 -3.757707e-05 -0.06463199 0.1477683 -0.003555901 -0.3937019 -0.1478546 0.1130974 0.1920805 -0.2039648 -0.3511547 0.1734935 0.3068979 0.2479115 0.1510533 0.0401086 -0.02246975 -0.04474314 -0.004205106 0.222867 0.1884817 0.08459805 -0.1384231 -0.06294584 -0.1345888 -0.03588435
0.1645387 0.05344709 -0.1600501 0.1665977 0.0005628045 -0.1249225 -0.06165851 -0.08014622 0.04682195 -0.2349135 0.02100118 0.04771252 -0.1768986 -0.02514156 -0.05418591 0.04893568 -0.1452465 -0.1175416 0.1126403 -0.1320488 -0.1078083 0.1747401 0.04057363 -0.04488667 0.1442426 -0.002651315 -0.06489481 -0.1411463 0.004580191 -0.2157069 0.2425941 -0.2340887 0.03000059 0.1930438 -0.1329206 -0.06755118 0.08522666 -0.1506819 -0.166879 0.1761309 0.181104 0.2797714 0.09607771 -0.1434726 0.1696213 0.1366688 -0.09133117 -0.1083858 0.07842986 -0.2949568 -0.1286738 -0.1007381
0.04828162 -0.1056418 -0.05544647 0.06893734 0.00543224 -0.09110774 0.1994533 0.1649682 -0.09126226 -0.1896241 -0.04400928 0.05403129 0.1823149 0.03974154 0.2739141 0.2121883 -0.2690556 0.1499052 0.02121679 0.2201345 0.1743689 -0.01609028 -0.07025177 0.04224788 -0.1379234 -0.1807368 0.08777012 -0.2004822 -0.1272607 0.04993973 -0.08040838 0.1145761 0.1507281 0.06966119 0.04251181 -0.05470789 -0.02056529 0.2031464 -0.2290216 0.2179173 -0.05942513 0.01698807 0.09132924 -0.1344408 -0.03386473 0.0386573 -0.1498649 0.3067451 0.0675254 0.09050963 -0.1986518 -0.06836972
0.2552983 0.1626087 0.2933225 0.01250024 0.04647041 -0.04287397 -0.1808418 0.07641996 0.03699411 -0.07358088 -0.008787617 -0.1263454 0.3228732 -0.1186921 0.2491015 -0.03532444 0.06917356 -0.1131626 -0.04778188 -0.1416167 -0.007619815 0.06093313 -0.1578435 -0.01870958 -0.01531268 -0.01164335 0.01456026 -0.1566121 -0.1165398 0.2170714 -0.06327092 -0.05474675 0.1234365 -0.1238683 0.2975277 -0.1696924 0.04652644 -0.07426038 0.005425625 -0.1086544 0.08197898 0.2456345 -0.2526814 0.1265586 -0.06663515 -0.002490299 -0.07013538 -0.08442041 0.2075686 -0.1819182 0.06006438 0.0529019
-0.02259914 -0.07542557 -0.2665613 -0.1954562 -0.1861528 -0.03379264 0.0238767 -0.1882354 -0.2359862 -0.2345696 0.09374681 -0.08104698 0.2287606 0.1095788 0.1364891 -0.308164 -0.0555025 -0.1848739 -0.01203502 -0.1671428 0.05158134 -0.1590334 -0.1986879 -0.04195612 0.1468154 0.05134222 -0.005920706 0.1313438 0.1173509 -0.1496152 -0.09602834 -0.07664967 -0.07731724 0.1379894 0.02759106 -0.1940513 -0.05497807 0.04806605 0.1888015 0.1631333 -0.01614212 0.1365883 0.08192532 -0.08132204 -0.1286491 -0.02268842 0.1004565 0.157195 0.09128463 0.1119165 0.1579613 0.1433035
-0.02696432 -0.003443679 0.05268275 0.2096584 -0.1396679 0.009918924 -0.04192218 -0.02560737 -0.05999837 -0.1403366 -0.1872349 0.1299108 0.01991733 -0.08415091 -0.0200428 -0.2657649 0.08787765 0.1680039 -0.1378469 -0.07609927 -0.202365 0.141545 -0.1846091 -0.06271841 -0.1163574 0.008009478 0.2232511 -0.101132 0.1220877 0.05465614 0.18265 -0.1585225 0.03673924 -0.0167323 -0.05027553 -0.04840099 0.04514508 0.202408 -0.1790656 0.1126145 -0.2916674 -0.2096058 -0.1421913 -0.1016795 -0.1123672 0.1052593 0.00612954 -0.105547 -0.2534485 -0.08104866 -0.008395438 0.3277206
-0.2084427 0.01101171 -0.0391377 0.1237164 -0.07115561 0.01103828 -0.1906145 0.148258 -0.009267716 -0.07164068 0.3837054 0.4080111 0.02087012 0.0663467 0.1044106 0.1389606 0.07816703 -0.1635539 0.1170563 -0.03861115 -0.1172954 0.248402 -0.02353735 -0.1085921 0.08898121 0.08020984 -0.1547896 -0.09769094 -0.1439945 0.09151698 0.02066708 0.1636526 -0.08127629 0.0208236 -0.008085598 -0.1323629 0.009730067 0.3180353 0.1831796 -0.0137807 0.02530018 0.087918 -0.05292331 0.1120057 0.0185287 0.06979677 -0.03044562 0.04143248 -0.2649893 0.0848012 0.09285159 -0.06979862
0.1797165 0.01233874 -0.04186829 -0.05323344 0.1158524 0.1686353 -0.06858996 0.001190844 -0.2215386 -0.05567127 0.2489446 0.2536304 -0.1182265 -0.09726526 -0.2308996 0.06483182 -0.2197731 -0.03351633 -0.2590828 0.265318 -2.66685e-05 -0.007483144 -0.2436219 -0.223607 0.05146405 -0.1156664 0.1990891 0.2358938 -0.07284902 0.1490506 -0.06481225 -0.06404905 -0.01507926 -0.09233293 -0.07531276 -0.07331036 -0.2332747 -0.1103229 -0.04249135 0.07278603 -0.1076449 -0.02062427 -0.05151877 0.155051 0.1552113 -0.01285997 0.06527077 -0.01391046 0.1725204 -0.143835 0.04599824 0.0009445697
0.06600816 0.1843976 0.1926957 0.01266334 -0.02965275 -0.1837368 -0.03622455 -0.1282195 0.076391 -0.02400076 0.03174891 0.00982853 -0.05809767 0.03144487 -0.09242544 0.1219835 -0.07744617 -0.2580972 -0.3943603 -0.05223302 0.2059332 0.005573873 0.1295916 0.08612523 0.0957869 -0.01815337 0.2473704 -0.02005411 -0.05968652 -0.09665914 0.02572151 0.08516127 0.1483178 0.2014621 0.07848389 0.0186948 0.132046 -0.1127356 -0.08344161 0.1474704 0.05771882 -0.04017283 -0.1901813 -0.04154517 -0.04642483 -0.03851292 0.2475219 0.1890617 -0.342611 0.1389673 0.1729021 -0.09589274
0.1575059 -0.02149725 -0.002278745 0.1561831 -0.07693524 -0.1270442 -0.02412496 -0.1772274 0.1356655 0.2649124 0.1653326 0.1094969 0.05391971 0.2624969 -0.1567523 -0.3412163 0.1925527 0.1513984 0.09948879 -0.002662491 0.1128603 -0.04731556 -0.272055 -0.01722168 -0.175815 -0.1165824 0.01681934 -0.07735636 -0.05389675 0.1501391 0.07429755 -0.09230694 -0.0313247 0.01543082 0.09597279 -0.1597489 -0.005281526 0.04742273 -0.1408287 -0.003992205 0.1965067 -0.09026255 0.1232848 -0.07121063 0.08788234 -0.03986708 0.1555079 0.09096522 0.02210177 0.03783835 -0.007940245 -0.370477
0.06608292 0.2610533 0.1761654 -0.16758 0.0100752 0.09860309 -0.2170752 0.0504235 -0.07548443 0.1577379 -0.05892326 0.1850486 0.00926777 0.256422 -0.02898822 0.1389514 0.1183865 0.02088967 0.07866196 -0.02546689 -0.2841075 -0.09154927 -0.02738055 0.2216743 -0.1061799 -0.1099893 -0.1000256 -0.1111632 0.1096575 -0.1153818 -0.1513043 -0.0422898 -0.05244314 -0.02273274 -0.2202214 0.03814264 0.1173256 -0.09784142 -0.0650572 0.2006092 -0.1998765 0.05761706 0.02366379 -0.01826458 -0.05265114 0.2698484 0.08116704 0.2920846 0.1982454 -0.0239955 0.1595213 0.02357404
-0.06687077 0.07374289 -0.08178341 -0.0109885 0.07015451 0.1471889 0.1155586 0.0206053 0.2298761 -0.1254955 0.05294594 -0.1937463 0.03113603 -0.002149234 0.1355761 -0.1601749 0.05998092 -0.1398304 0.03259826 0.1871848 -0.1043252 0.3765209 -0.04033797 -0.000456112 -0.07875413 -0.2172647 0.206304 0.2077885 0.2665929 -0.04746484 -0.0008720415 0.009970966 0.09052034 -0.2025949 -0.09308195 0.1633491 -0.1349254 0.03601887 -0.01162134 -0.09510183 0.08313688 0.199205 -0.1208696 -0.09015375 -0.03977492 0.2997636 0.08115003 0.07376185 -0.02065093 0.1534086 0.04664533 -0.2251044
-0.07330473 0.1609366 0.08819056 0.03572339 -0.2744476 0.01696836 0.07835738 0.07536121 -0.1460135 -0.04997387 -0.1319101 0.30675 0.04441912 -0.09845973 0.03979926 -0.08101552 -0.1678331 -0.01003913 -0.1111293 0.06167239 0.0405707 -0.1553938 -0.1204076 0.1730151 -0.05129745 0.239323 -0.1714687 0.1284403 -0.08695087 0.2099268 0.1626206 -0.1658733 0.03689473 0.03027424 -0.06618266 0.3833555 -0.05410515 -0.04250091 0.04300261 -0.05362203 0.2675532 0.0451266 -0.07255745 -0.1820214 -0.1370034 0.1301701 -0.0987939 -0.09969138 0.09044964 0.1344263 0.09311017 -0.1601393
-0.1126321 0.2081884 0.1451258 0.03622806 0.1162029 -0.04347446 0.2084775 -0.05453277 -0.1668831 0.1351697 0.1558357 -0.2323358 -0.01792374 -0.1506306 -0.004438325 -0.1085684 -0.1110999 -0.1161198 0.2774038 -0.001437705 0.193434 0.1265485 0.05580763 0.03253642 0.1847925 0.1428065 -0.05980745 0.01161585 0.008343217 0.251525 -0.1876266 -0.0762704 -0.1008419 0.1168691 -0.1903833 0.02838072 0.0998401 0.2752335 -0.3069058 0.148537 -0.1410373 -0.07086465 -0.03724157 0.02036935 -0.01431117 0.04608848 0.1372955 -0.1214553 0.09416228 -0.1056948 0.1679232 -0.06190945
-0.1285595 0.2305443 0.1211656 -0.07125222 -0.1233924 -0.2900318 0.2152606 0.0352962 0.04502505 -0.2097758 -0.08807617 0.04046432 0.04469202 0.2331648 0.1038203 -0.0179055 0.001103659 0.4686326 0.03604074 0.1362015 0.108649 0.04497907 0.0879514 -0.07555871 0.08470448 0.06641709 0.06031383 0.03892865 -0.01152968 -0.1057265 0.09331233 -0.04979659 -0.06509923 -0.1528747 -0.08547155 -0.115451 -0.0262169 -0.08337456 0.1391114 0.0995512 -0.01768968 0.1018319 -0.09284068 0.2741393 0.2934195 -0.02028144 0.05801276 -0.09990052 0.001889917 -0.004507815 0.2343215 -0.01971321
0.3107711 -0.1198033 -0.00285876 -0.1206877 0.2010008 -0.02222315 0.2003285 0.1123623 -0.03878355 -0.09187819 -0.02881307 -0.07951326 -0.1608289 -0.1623895 -0.1073939 -0.0008338953 -0.03278192 0.1514004 0.03872639 0.005297299 -0.2190365 0.01478306 -0.07916068 -0.159538 -0.1448447 0.3608308 -0.2255578 0.1342027 -0.02117742 0.002813563 0.04650191 -0.01821137 0.1470361 0.1054233 0.1262063 -0.1611186 0.2527194 0.06728965 -0.01948275 -0.1233439 0.03920119 0.001900774 -0.05848394 0.03966971 0.08882184 0.2238382 0.1287556 0.2527107 -0.06837758 0.2085268 0.1405376 -0.005682681
0.06698299 0.3125051 0.2523107 0.1513983 0.06062586 -0.01083537 -0.03010874 -0.01102949 0.04219982 -0.06165033 -0.0789446 0.1128274 0.1010816 -0.00117103 -0.05477429 -0.09749333 0.02472662 0.1061794 0.2349484 0.2424353 -0.2043189 -0.1558367 0.0501319 -0.285137 0.2621271 0.0304261 0.04524963 0.1784775 0.1238688 -0.02752169 -0.1605921 0.16292 0.160346 0.2346788 0.07621743 0.02995706 -0.09911069 0.02017418 0.09714836 -0.0909686 0.01256108 0.08888943 0.1581005 -0.2381809 -0.1262232 -0.1674401 0.05595112 0.07489486 -0.1172752 -0.1089359 -0.1662509 0.01773773
-0.2924919 -0.03741648 0.2400352 -0.09885312 0.005830328 -0.103054 -0.01745845 0.01445485 -0.2179057 -0.1108445 0.08845232 -0.1189389 0.03264278 -0.007560963 -0.1042385 0.1742574 0.1456998 -0.1775524 0.06430047 0.1605947 0.03683724 -0.158464 0.03960391 -0.3805773 -0.4635742 -0.07622479 -0.05615552 -0.0156572 0.07836077 -0.06567 0.1508375 -0.1859831 -0.1977822 0.03724869 0.1254005 -0.02678297 0.01030975 -0.08663691 -0.1329007 0.02055301 -0.05345101 0.1818284 0.01330121 -0.1147595 -0.07905305 -0.02694147 0.007302206 -0.1041793 -0.07843486 0.03996225 0.02134759 -0.07030428
-0.01338098 -0.2516576 -0.2172106 -0.01871039 0.04032783 -0.1649744 -0.05912427 0.02159139 -0.0302685 0.1825716 -0.006190699 0.1313727 0.2540575 0.1206876 -0.2273981 -0.07141784 -0.04994489 -0.004803184 0.1614363 0.2892632 0.08711441 -0.04958316 0.06210244 0.1517643 -0.0114385 0.1497291 -0.003069461 0.04723278 0.12002 -0.04524143 -0.2420776 -0.02623992 0.01829056 0.006706224 0.1374283 0.08563469 0.0680705 -0.08123049 -0.07625464 0.07072115 0.0654043 0.192568 -0.4152466 0.02880081 0.03514594 0.1734074 -0.03882373 -0.05351766 -0.2238263 -0.2114011 -0.08591083 0.1336175
-0.06202706 0.03443613 -0.1237655 0.1380178 -0.09872956 -0.1658855 -0.02404581 0.1610467 -0.06289442 0.2072551 -0.1412839 -0.00586354 -0.1068808 -0.09660469 0.05683655 0.09535041 0.01525639 -0.1593086 0.04257026 0.191121 -0.1564578 -0.2101308 -0.09362152 -0.1151133 0.1406108 -0.143483 0.2675154 -0.02334237 0.02269541 -0.2540891 0.03413456 0.05488567 -0.01772115 -0.03301936 0.209901 -0.02544754 0.2369006 0.2750473 0.03818804 0.02866139 0.2519753 -0.1777643 -0.01631958 0.05923632 0.03404306 0.1618282 0.07646175 -0.1820223 0.2893752 0.05319269 0.1671806 0.02529935
-0.06143723 0.161739 0.08180755 0.1965276 0.120115 0.2274923 -0.03021483 -0.3420666 0.1228185 -0.08140492 0.02882947 0.05883444 0.1366493 0.05383913 -0.2516914 -0.04454601 -0.4300741 0.1073666 -0.02540338 -0.001385613 0.1123641 -0.002671201 0.1316837 0.03744985 -0.1122047 -0.1472961 -0.03111427 -0.02821456 -0.00239571 -0.06269153 -0.0286233 -0.01387517 -0.1880195 -0.02651671 0.1557852 -0.08092464 0.2064485 0.1221937 0.03846253 -0.1942892 0.07412315 0.08979237 0.1518946 0.10552 -0.06426348 0.2145345 -0.1237926 -0.04030477 0.04013622 0.165559 0.06990975 0.2140071
-0.07446287 0.05484997 0.09683997 -0.1770742 -0.04922103 -0.1083384 -0.2342028 -0.1900667 0.06137706 0.2319438 -0.03420059 0.004188582 -0.1251678 -0.2622648 0.2199264 -0.1433304 -0.06298903 0.0174527 -0.1018944 0.1095291 0.1852886 -0.1302342 -0.1109994 -0.1732155 0.08955569 0.06869258 -0.04624037 -0.06207202 -0.08991627 -0.1906899 -0.1664468 -0.07944132 0.05837846 -0.1487487 -0.2497835 -0.2077439 0.0578449 0.01906253 0.02807174 -0.1377281 -0.1353535 0.04345111 -0.03838878 -0.1539904 0.1490314 0.2329869 -0.2541674 0.01638383 -0.142975 0.1085945 -0.1709703 -0.1150168
0.2583801 0.07365018 -0.06890224 -0.009039632 -0.227079 -0.0532827 -0.1073894 -0.3088647 -0.2391153 0.01364499 -0.1905942 -0.00138993 -0.06758551 0.08204952 0.2283 0.09295376 0.09632402 -0.1186162 0.04483105 0.168354 -0.1192506 0.1993879 0.2522603 0.1630509 -0.2032664 0.04489831 0.1044111 0.2844389 -0.149713 0.1410742 -0.05808239 0.071957 -0.2245974 0.07039591 0.08186295 -0.08972045 -0.02584065 0.1038464 -0.07803825 -0.1510994 -0.01273778 0.01259755 0.04354021 -0.1224369 0.2731366 -0.05555772 -0.03630326 -0.01867761 -0.0262139 0.004293357 0.00180872 0.06479187
0.0124741 0.09593648 0.157977 0.2188626 -0.08272975 0.06211588 0.2103397 0.2147155 -0.1883974 -0.04022606 0.1323983 -0.0946218 -0.1076007 0.1758128 -0.07826056 -0.1047221 0.03455485 -0.08673601 0.09357249 -0.272053 0.03557179 -0.1532538 -0.09926797 0.113395 0.09126252 -0.2034775 -0.03505022 0.218361 -0.1767652 -0.1932635 0.003412597 0.01337626 -0.05432887 0.05269731 0.1773221 0.06907195 -0.02868528 -0.02884694 0.0145525 -0.1231917 -0.2470342 -0.003703869 -0.2582108 -0.01948423 0.2660294 0.1619666 -0.1214728 0.02123121 -0.02774001 0.1012369 -0.2769036 -0.01408464
0.01248676 -0.005623074 0.004526641 -0.01910141 0.3426524 0.06298787 0.1824398 -0.1264642 -0.3109024 -0.09258534 0.07436658 0.1362641 0.02743718 0.02542962 0.2940548 -0.2323315 0.1850738 0.02322804 -0.2929412 0.1761238 -0.1551812 -0.1102504 0.1547097 0.1095748 0.1108947 -0.1864331 -0.1698225 -0.07033804 0.04941335 -0.06741277 0.03430468 -0.04518894 -0.09183375 0.02930635 -0.03374795 0.01219254 0.2353416 0.0004664005 -0.0541184 -0.06186975 0.1346599 -0.06596584 -0.0162956 0.2189595 -0.1074366 -0.01883156 0.01161725 -0.07077661 -0.119039 -0.1076393 -0.1675954 -0.168647
-0.1764724 0.12117 -0.05936151 0.09002376 -0.183371 -0.002200023 -0.2311036 -0.2382517 -0.08906428 -0.2248252 -0.1814125 -0.07157601 -0.1489434 -0.009750894 -0.03639992 0.1416758 -0.07566794 -0.03382786 0.1080787 0.01089857 0.04192871 0.01710679 -0.1341412 0.009805548 -0.04999492 0.0411191 -0.222846 -0.01822947 0.2027599 -0.0006937458 -0.1027132 -0.09435942 0.1890745 -0.08849964 0.06720752 0.01675637 -0.03758961 0.1014164 -0.03939084 -0.05852524 0.05596547 -0.1467476 -0.179113 0.3654046 -0.003095642 -0.08843618 0.2747733 0.1641457 0.06958647 0.003725203 -0.3461284 -0.1214011
-0.2275811 -0.2141395 -0.04788443 -0.1190674 -0.09449397 0.08001168 -0.1022433 0.119434 0.1137819 -0.07778823 -0.01839604 0.07040673 -0.02975713 0.1008877 0.1858904 0.07926669 -0.136363 0.1349356 -0.08984004 -0.145226 -0.05538392 -0.1489112 -0.01370449 -0.03822043 0.1564903 -0.1193932 0.124748 -0.01123299 0.1387852 0.3000366 -0.1427938 -0.1072266 -0.01507145 0.2067533 0.07714539 0.05746402 0.2319615 -0.07058452 -0.1746885 -0.3550127 -0.1170358 0.1348265 0.09036189 -0.1041431 0.2335081 0.07201517 0.2876688 -0.07343754 -0.02660307 -0.07561292 0.05394653 -0.07438018
0.07111042 -0.0002196887 -0.06494791 -0.1170022 0.02925454 0.2240232 -0.05190065 -0.01446779 0.1260138 -0.2148662 -0.1648984 0.2044445 0.2771922 -0.3285454 -0.0994279 0.0420199 0.2157862 0.007969526 0.1609893 -0.1757119 0.2137727 -0.2687297 0.1227793 0.05592342 -0.06440997 0.01854876 0.1693231 0.1786486 -0.0556695 -0.1387221 0.1592657 0.1476375 -0.08618236 0.02208242 -0.09264649 -0.04691567 0.006932463 0.2019805 -0.0989452 0.004595628 -0.07416155 -0.002858517 -0.03819524 0.1152476 0.0580691 0.08765027 0.05488655 0.03392223 -0.007836276 -0.1879721 0.03652693 -0.2827625
0.0041098 0.09271728 -0.03220245 0.1817201 0.01205526 0.3884873 0.08205707 -0.06177461 -0.3188111 0.00999914 0.1358548 -0.03967135 -0.02630505 0.00216935 -0.003257045 0.1759022 0.2577827 0.09842869 -0.003939794 0.00373566 0.2207701 -0.09756616 0.01231334 0.1012762 -0.01518042 0.1909618 0.1347831 -0.253127 0.245942 0.01365947 -0.03531456 0.03119669 0.2863199 -0.1203016 -0.01307795 -0.1303498 -0.01325086 -0.02464425 0.1003998 0.00876601 0.1723528 0.1027896 0.05093836 -0.2184086 0.2465982 0.06501387 0.07362505 -0.1086756 -0.05224705 0.05815782 0.03743115 0.1035347
