0.008287518 -0.1552605 -0.06145456 -0.2506075 0.3349418 0.001661014 -0.1199739 0.01853796 -0.0658422 0.3896892 -0.06495332 -0.02373717 -0.3563263 0.2260248 0.323421 0.1330224 -0.0826378 -0.2469936 0.01509459 -0.04088184 -0.07720116 0.1173112 0.1374315 0.002628852 0.07504205 -0.3610715 0.09173528 -0.1089798 0.1989757 -0.1294374
-0.03574069 -0.1593256 -0.2787427 -0.1698844 0.06732856 0.1598184 -0.2240054 -0.07006739 -0.1642458 -0.0803425 -0.1757144 -0.02255801 0.1624856 0.007593007 0.1700065 -0.3843482 -0.102676 0.04618084 0.1077585 0.2845973 0.3745916 -0.1794596 -0.02504869 0.2585988 0.0732261 0.003913727 0.1893128 0.1153017 -0.2333921 -0.2437721
0.2282329 0.2106956 -0.07559769 -0.3228812 0.07147452 0.03726178 0.1586363 -0.09961235 0.2283607 0.02917594 -0.1457454 -0.007111594 0.1298173 0.3776716 -0.04982456 -0.0329595 0.2742763 0.06500718 -0.148464 0.09958512 0.1453007 0.1048673 -0.4230789 0.2396125 0.1202334 -0.0189166 -0.2365153 -0.09519447 0.1744953 0.1562687
-0.1037252 -0.1179056 -0.3137182 -0.1961505 -0.09445457 0.2880225 -0.1762469 0.2387015 0.1829674 -0.1170684 0.1763175 -0.1390538 0.04693949 -0.01337461 -0.1220425 0.02953817 0.1330722 0.1399814 -0.2109274 0.2159096 0.02116651 0.3229241 0.09900398 -0.270947 -0.3520783 -0.2463713 0.09764517 -0.07710314 -0.05473759 0.1525915
0.3022053 -0.1720335 -0.04161409 0.02796292 -0.1622165 0.00208444 -0.02811169 -0.4724438 0.05319025 -0.1044371 0.03937083 0.5416557 -0.1218366 -0.1510017 -0.1194125 -0.1195213 0.09871181 -0.2539125 -0.2082674 -0.01252555 0.0163522 0.09568784 0.02182149 0.01316164 -0.1535201 -0.1055513 0.08455488 -0.2428919 -0.02589758 -0.148446
-0.08581972 -0.3738836 -0.2806024 -0.009792332 0.09520259 0.1829589 -0.08578953 0.05250646 0.2208582 -0.09116718 -0.02259078 0.03377377 -0.0320791 -0.2806478 -0.04959187 0.03384107 0.03394924 0.1255516 0.3048378 -0.1342646 -0.1947666 -0.07560331 -0.03051879 0.1717585 0.3293986 0.1427915 -0.1483267 -0.4295798 0.1363043 0.1525062
0.2561672 -0.05848657 -0.2284837 -0.008346379 -0.1072283 0.06436441 0.3787312 0.2610306 -0.2388862 0.1434341 0.06909134 -0.01933031 -0.1068298 -0.1403396 0.008808054 0.3432575 0.3844628 -0.01847716 -0.06664472 0.168102 0.04330757 -0.07166816 -0.01877641 -0.07589178 0.2321654 0.1060237 0.05136114 -0.02759781 -0.2522974 -0.3057739
-0.05985215 -0.2054929 0.1007594 -0.224562 0.2270783 0.01430117 0.2744397 -0.08007013 0.03457293 0.008414949 0.3494811 0.05630728 -0.07436219 -0.07627645 0.1534289 -0.1713508 -0.2617478 0.09933135 -0.2197204 0.1102705 0.04476143 -0.05302842 0.06747689 -0.1354743 0.00240403 0.06446842 -0.5845181 0.03905339 -0.2343322 -0.02218126
-0.2201466 -0.01096233 0.111978 0.01939807 0.1753023 -0.0914995 -0.1391487 -0.0256723 -0.5167019 -0.133656 0.3431064 -0.1366539 0.08050935 0.1586517 -0.1632403 -0.2315812 0.2853367 -0.09562395 -0.1736905 -0.08547125 0.1072067 0.05644541 -0.01148751 -0.08944918 0.2003261 0.08258725 0.05696716 -0.3579197 0.1296202 0.01592323
0.3606784 -0.152836 0.07374662 -0.08644165 0.02182838 -0.03811098 -0.06658004 0.04179171 0.09804628 0.08325871 0.436514 -0.04222625 0.1509874 0.1000594 -0.2222204 0.1094167 0.05344245 -0.1660288 0.3123782 0.08372886 0.2483032 -0.4181093 0.2182142 0.05466531 -0.1060997 -0.1092571 0.008738979 0.1059738 0.17171 0.1908515
0.06884362 -0.07525349 -0.01962149 -0.1000497 0.04529993 -0.4146507 -0.01977886 -0.05161905 -0.0005412756 -0.1361499 0.0149152 -0.2861463 -0.290108 0.05444975 -0.1592151 0.0278688 -0.02401153 -0.02222023 0.360008 -0.1037335 0.03944697 0.114354 -0.3076223 0.03925794 -0.2728847 -0.07659654 -0.01682027 -0.1989922 -0.4633131 -0.03393326
0.2107327 0.009180356 0.005186275 0.03322232 0.3391626 -0.361742 -0.2256046 0.08948258 0.02878248 0.1589584 -0.2031821 0.09810012 0.1858195 -0.07735494 -0.2482499 -0.07101196 0.0436725 0.4168357 -0.05876154 0.2166705 -0.1853134 -0.1113719 0.06199301 -0.218015 -0.08186015 -0.03303444 -0.08026148 -0.1075464 0.1272452 -0.3150063
-0.1577554 0.1124021 0.08505222 -0.07903126 0.08712459 -0.08913203 -0.2543149 0.06827161 0.1151933 -0.1066768 0.10475 -0.03037844 -0.139125 -0.1862073 -0.2303533 -0.00696245 0.2327181 -0.3230606 -0.04220628 0.3161507 -0.2995783 0.1454664 0.106037 0.4135544 0.1316841 -0.005646175 -0.1799891 0.3160951 -0.06183292 -0.1161752
-0.2929788 -0.1484718 -0.08941601 -0.09767389 -0.07083495 -0.5906495 0.2757807 -0.1229941 0.07312752 0.01049148 0.02455449 0.08303954 0.1477737 -0.1266976 0.1894067 0.147667 0.0683638 0.1222127 -0.02490138 0.2287275 0.1929235 0.1732221 0.2202436 0.1729218 0.02736738 0.003231055 0.2036885 -0.03272532 0.1345288 0.2034536
0.1606881 0.2233039 -0.196137 0.09500477 -0.2867179 -0.1716029 -0.1913776 -0.0201098 0.08371732 -0.32662 0.2152923 -0.1997251 -0.1200039 0.1254061 0.2292968 0.1162145 -0.1464598 0.2288726 -0.2608506 -0.1064206 -0.0421917 -0.2019626 0.1751861 0.2066426 0.169866 -0.2382278 -0.10831 -0.1483276 0.04301796 -0.2040649
0.03826374 -0.3223963 0.1078083 0.2124282 -0.1296153 -0.004821382 0.03827517 -0.01092045 -0.07757378 -0.08510159 -0.1828089 -0.2214369 -0.1829414 0.1837751 -0.01740987 0.05483049 -0.2014387 -0.1550813 -0.2336439 0.5505476 -0.1964094 -0.2471833 -0.1792613 -0.01214286 -0.0735423 0.130569 0.0487485 -0.1544866 0.1263262 0.1850435
0.2684172 0.2430163 -0.4186845 0.1009622 0.3091209 -0.03597372 0.08930194 0.08478137 -0.2957844 0.09377007 0.04546814 0.02188856 0.01455117 -0.1351606 0.005449184 -0.08462009 -0.1772079 -0.0569398 -0.1688817 -0.07486328 -0.1814884 0.01661254 0.09428831 0.307552 -0.2561323 0.1384242 0.04919062 -0.02424938 -0.06783991 0.3860786
0.01816514 -0.09400491 0.1303795 0.01619875 -0.02944375 0.1469686 -0.247816 -0.4031976 -0.1158061 0.1903934 0.03382337 -0.007972473 -0.1422067 0.2011787 0.1755277 0.1399408 0.3701923 0.4282303 0.04472508 0.02885753 -0.1732844 -0.03744212 0.1902793 0.1007217 -0.09215742 0.1920943 -0.00625875 0.09939499 -0.2480742 0.2174332
-0.2851347 -0.2598429 -0.07384456 -0.1280266 0.01030224 -0.1142752 -0.03065217 0.1376817 0.0486106 0.04747526 -0.05821102 0.04512673 -0.007601787 -0.06636268 0.01777187 0.03096173 0.2561509 -0.03619018 -0.3552817 -0.3842708 -0.04206683 -0.4806111 -0.2425229 0.1343762 -0.3106163 -0.03632138 0.01701 0.1653248 0.03888191 -0.05584685
-0.1537598 0.07546095 -0.343425 0.4318509 -0.08018083 -0.1361437 -0.2689306 -0.02475408 0.1459492 0.374861 0.01610223 0.03620996 -0.2426501 0.03416045 -0.07745503 -0.02550834 0.043012 -0.1086012 -0.05756855 0.04211019 0.4206133 0.01829623 -0.06636396 -0.1470885 0.06476484 0.1375051 -0.2905178 0.04994104 0.006497953 0.07860368
-0.2223854 0.2413903 0.007449139 0.03828753 -0.03452179 -0.005450039 -0.09902236 0.09807857 -0.2162918 -0.02349299 0.04430183 0.4441571 0.09784695 -0.02414361 0.1349523 0.1431433 0.01902007 0.004929967 0.1789237 0.2371412 -0.1086002 -0.2435988 -0.2513339 -0.08328518 0.06188694 -0.4543482 -0.1216666 -0.122146 -0.2014935 0.2534103
0.2315544 -0.268821 -0.1358135 -0.05484811 -0.3217771 -0.2816973 -0.1141012 0.2727427 -0.04772752 0.03823246 0.09766602 0.1612751 0.08995 0.2358829 0.2023177 -0.3753808 0.05284759 -0.05772967 0.08130776 -0.09501642 -0.3179428 0.162695 -0.08777211 -0.1572974 0.1776536 0.08231741 -0.02429679 0.2453531 -0.02700057 0.1260035
0.03275443 0.1584503 0.1221547 -0.1790446 -0.09052847 -0.06895696 -0.001089515 0.2150673 0.07919759 -0.1060033 -0.4410141 -0.01116735 -0.07226018 0.02513127 0.08695425 -0.1887482 0.2254569 -0.2286503 -0.01555548 -0.03411736 0.1042005 -0.1934357 0.4998576 -0.1200928 -0.04943475 0.08199046 -0.1856822 -0.2799486 -0.1846325 0.1824607
0.05895077 0.005337405 0.2344265 0.255013 0.1755248 0.03940789 -0.1187468 0.3499543 0.1960622 -0.0949723 0.2012154 0.1977367 0.07699618 0.08380721 0.4497492 0.06273727 0.1073255 -0.04355299 0.0600311 0.08919712 0.1129368 0.1378155 -0.1066947 0.1971853 -0.3032566 0.2785391 0.0231424 -0.2238067 0.009518041 -0.1847022
-0.1152335 0.3564157 -0.1175436 -0.282357 0.06366213 -0.03013609 0.04395564 -0.03617684 0.2382073 -0.04274996 0.2401834 0.1389402 -0.3974335 0.01117815 0.02288437 -0.1771977 -0.01381897 0.06028225 0.07046858 0.1330275 -0.1098394 -0.2602323 -0.08452243 -0.238272 0.04790106 0.3293328 0.3793997 -0.009628989 0.0856067 -0.008437665
-0.07460358 0.0528851 0.06137067 0.3173222 -0.08531537 0.08462835 0.3635554 -0.00824472 0.166852 0.29818 0.1163518 -0.1941527 -0.05145978 -0.04760334 0.02649781 -0.5280593 0.2171611 0.09875032 0.09966576 0.07105214 -0.151764 -0.07178486 0.0401048 0.1696248 -0.08595158 -0.3507368 0.06725442 -0.1325859 0.003095774 -0.07124135
-0.1845233 -0.05475424 -0.1974418 0.1984574 0.2407501 -0.003718816 0.133711 -0.09002673 0.2969627 -0.03675697 0.03351273 0.08836944 0.3027783 0.5023824 -0.1616535 0.1192762 -0.06302499 -0.1838826 -0.0713747 -0.06001206 -0.1913856 -0.07453191 0.1724529 -0.03902321 0.1376403 0.02753924 0.1509478 -0.0433568 -0.3809245 -0.09130303
0.04369684 -0.159666 0.1981398 0.1157636 0.1235047 0.02885529 0.08332207 0.3428627 0.0003461103 -0.1410476 -0.06116466 0.3064918 -0.4073938 0.171363 -0.2995733 -0.06798065 -0.08006144 0.3233965 -0.1296365 -0.06955893 0.2380362 0.06846545 0.08140149 0.2092929 0.186773 -0.1401364 0.163093 0.1159098 -0.082286 0.162279
0.02795073 0.05054887 0.2688369 -0.2175392 -0.2425688 -0.01786782 -0.2182016 0.1183401 0.12562 0.4969553 0.1131922 -0.04333873 0.1723816 -0.1526951 -0.1134757 0.02451692 -0.2550071 -0.003903421 -0.2583963 -0.03120372 0.01139689 0.01076237 -0.08221039 0.1682716 0.1683899 0.08413042 0.1975823 -0.281144 -0.2936061 0.06725318
-0.2483389 0.04269834 -0.1252501 -0.1729138 -0.3475982 0.06301004 0.1107898 0.1041742 -0.2392508 0.155624 0.01560989 0.2138635 -0.03973838 0.3145709 -0.2604713 0.03474072 -0.175167 0.08273177 0.2016645 0.03258786 -0.08396772 0.03074981 0.1557728 0.2367935 -0.288559 0.1712144 -0.2105623 -0.1440268 0.1708452 -0.2674494
